2012,327005,10,None
2013,327005,10,None
2014,327005,10,0
2015,327005,10,0
2016,327005,10,0
2017,327005,10,0
2018,327005,10,0
2019,327005,10,0
2020,327005,10,1
2021,327005,10,2
2012,327005,11,3
2013,327005,11,1
2014,327005,11,9
2015,327005,11,20
2016,327005,11,17
2017,327005,11,12
2018,327005,11,29
2019,327005,11,18
2020,327005,11,18
2021,327005,11,8
2012,327005,12,2
2013,327005,12,0
2014,327005,12,1
2015,327005,12,1
2016,327005,12,4
2017,327005,12,1
2018,327005,12,1
2019,327005,12,1
2020,327005,12,1
2021,327005,12,1
2012,327005,13,0
2013,327005,13,0
2014,327005,13,4
2015,327005,13,1
2016,327005,13,5
2017,327005,13,1
2018,327005,13,8
2019,327005,13,8
2020,327005,13,5
2021,327005,13,5
2012,327005,14,1
2013,327005,14,2
2014,327005,14,0
2015,327005,14,1
2016,327005,14,8
2017,327005,14,7
2018,327005,14,2
2019,327005,14,3
2020,327005,14,12
2021,327005,14,8
2012,327005,15,2
2013,327005,15,3
2014,327005,15,9
2015,327005,15,8
2016,327005,15,6
2017,327005,15,8
2018,327005,15,16
2019,327005,15,6
2020,327005,15,13
2021,327005,15,7
2012,327005,16,3
2013,327005,16,5
2014,327005,16,6
2015,327005,16,2
2016,327005,16,4
2017,327005,16,8
2018,327005,16,17
2019,327005,16,4
2020,327005,16,3
2021,327005,16,6
2012,327005,17,19
2013,327005,17,35
2014,327005,17,40
2015,327005,17,45
2016,327005,17,40
2017,327005,17,38
2018,327005,17,37
2019,327005,17,48
2020,327005,17,55
2021,327005,17,41
2012,327005,18,0
2013,327005,18,1
2014,327005,18,10
2015,327005,18,8
2016,327005,18,0
2017,327005,18,3
2018,327005,18,1
2019,327005,18,2
2020,327005,18,0
2021,327005,18,5
2012,327005,19,0
2013,327005,19,1
2014,327005,19,3
2015,327005,19,2
2016,327005,19,3
2017,327005,19,10
2018,327005,19,15
2019,327005,19,5
2020,327005,19,1
2021,327005,19,7
2012,327005,20,0
2013,327005,20,3
2014,327005,20,8
2015,327005,20,8
2016,327005,20,2
2017,327005,20,6
2018,327005,20,2
2019,327005,20,5
2020,327005,20,9
2021,327005,20,15
2012,327005,21,0
2013,327005,21,1
2014,327005,21,4
2015,327005,21,0
2016,327005,21,8
2017,327005,21,14
2018,327005,21,22
2019,327005,21,18
2020,327005,21,27
2021,327005,21,23
2012,327005,22,51
2013,327005,22,68
2014,327005,22,83
2015,327005,22,83
2016,327005,22,96
2017,327005,22,82
2018,327005,22,98
2019,327005,22,87
2020,327005,22,115
2021,327005,22,61
2012,327005,23,2
2013,327005,23,8
2014,327005,23,15
2015,327005,23,27
2016,327005,23,27
2017,327005,23,29
2018,327005,23,50
2019,327005,23,28
2020,327005,23,27
2021,327005,23,23
2012,327005,24,None
2013,327005,24,0
2014,327005,24,0
2015,327005,24,0
2016,327005,24,0
2017,327005,24,None
2018,327005,24,0
2019,327005,24,1
2020,327005,24,0
2021,327005,24,0
2012,327005,25,8
2013,327005,25,33
2014,327005,25,29
2015,327005,25,26
2016,327005,25,23
2017,327005,25,26
2018,327005,25,31
2019,327005,25,33
2020,327005,25,37
2021,327005,25,28
2012,327005,26,11
2013,327005,26,25
2014,327005,26,36
2015,327005,26,43
2016,327005,26,44
2017,327005,26,37
2018,327005,26,41
2019,327005,26,48
2020,327005,26,44
2021,327005,26,35
2012,327005,27,0
2013,327005,27,2
2014,327005,27,1
2015,327005,27,1
2016,327005,27,4
2017,327005,27,1
2018,327005,27,7
2019,327005,27,2
2020,327005,27,2
2021,327005,27,2
2012,327005,28,0
2013,327005,28,0
2014,327005,28,0
2015,327005,28,0
2016,327005,28,1
2017,327005,28,0
2018,327005,28,None
2019,327005,28,0
2020,327005,28,0
2021,327005,28,None
2012,327005,29,None
2013,327005,29,None
2014,327005,29,None
2015,327005,29,None
2016,327005,29,0
2017,327005,29,None
2018,327005,29,0
2019,327005,29,None
2020,327005,29,1
2021,327005,29,0
2012,327005,30,None
2013,327005,30,0
2014,327005,30,None
2015,327005,30,0
2016,327005,30,2
2017,327005,30,3
2018,327005,30,1
2019,327005,30,2
2020,327005,30,0
2021,327005,30,0
2012,327005,31,16
2013,327005,31,47
2014,327005,31,33
2015,327005,31,35
2016,327005,31,29
2017,327005,31,28
2018,327005,31,35
2019,327005,31,36
2020,327005,31,28
2021,327005,31,29
2012,327005,32,None
2013,327005,32,None
2014,327005,32,None
2015,327005,32,0
2016,327005,32,None
2017,327005,32,None
2018,327005,32,0
2019,327005,32,0
2020,327005,32,0
2021,327005,32,1
2012,327005,33,1
2013,327005,33,1
2014,327005,33,10
2015,327005,33,10
2016,327005,33,6
2017,327005,33,3
2018,327005,33,5
2019,327005,33,7
2020,327005,33,12
2021,327005,33,11
2012,327005,34,None
2013,327005,34,None
2014,327005,34,None
2015,327005,34,None
2016,327005,34,None
2017,327005,34,None
2018,327005,34,None
2019,327005,34,None
2020,327005,34,0
2021,327005,34,0
2012,327005,35,0
2013,327005,35,0
2014,327005,35,None
2015,327005,35,None
2016,327005,35,None
2017,327005,35,0
2018,327005,35,0
2019,327005,35,None
2020,327005,35,None
2021,327005,35,0
2012,327005,36,0
2013,327005,36,0
2014,327005,36,0
2015,327005,36,0
2016,327005,36,0
2017,327005,36,0
2018,327005,36,None
2019,327005,36,0
2020,327005,36,0
2021,327005,36,None
2012,327038,10,0
2013,327038,10,1
2014,327038,10,3
2015,327038,10,8
2016,327038,10,5
2017,327038,10,10
2018,327038,10,1
2019,327038,10,2
2020,327038,10,1
2021,327038,10,6
2012,327038,11,2
2013,327038,11,5
2014,327038,11,3
2015,327038,11,6
2016,327038,11,7
2017,327038,11,8
2018,327038,11,9
2019,327038,11,15
2020,327038,11,8
2021,327038,11,4
2012,327038,12,0
2013,327038,12,2
2014,327038,12,1
2015,327038,12,2
2016,327038,12,1
2017,327038,12,2
2018,327038,12,0
2019,327038,12,3
2020,327038,12,2
2021,327038,12,4
2012,327038,13,17
2013,327038,13,11
2014,327038,13,16
2015,327038,13,12
2016,327038,13,15
2017,327038,13,17
2018,327038,13,22
2019,327038,13,26
2020,327038,13,42
2021,327038,13,42
2012,327038,14,6
2013,327038,14,1
2014,327038,14,6
2015,327038,14,11
2016,327038,14,8
2017,327038,14,7
2018,327038,14,8
2019,327038,14,2
2020,327038,14,17
2021,327038,14,12
2012,327038,15,57
2013,327038,15,48
2014,327038,15,55
2015,327038,15,50
2016,327038,15,64
2017,327038,15,76
2018,327038,15,77
2019,327038,15,53
2020,327038,15,62
2021,327038,15,58
2012,327038,16,83
2013,327038,16,61
2014,327038,16,67
2015,327038,16,79
2016,327038,16,92
2017,327038,16,105
2018,327038,16,131
2019,327038,16,59
2020,327038,16,74
2021,327038,16,79
2012,327038,17,166
2013,327038,17,180
2014,327038,17,209
2015,327038,17,228
2016,327038,17,265
2017,327038,17,200
2018,327038,17,249
2019,327038,17,204
2020,327038,17,227
2021,327038,17,179
2012,327038,18,4
2013,327038,18,2
2014,327038,18,10
2015,327038,18,21
2016,327038,18,6
2017,327038,18,6
2018,327038,18,11
2019,327038,18,9
2020,327038,18,10
2021,327038,18,7
2012,327038,19,11
2013,327038,19,8
2014,327038,19,12
2015,327038,19,13
2016,327038,19,18
2017,327038,19,24
2018,327038,19,35
2019,327038,19,54
2020,327038,19,17
2021,327038,19,11
2012,327038,20,0
2013,327038,20,0
2014,327038,20,1
2015,327038,20,1
2016,327038,20,11
2017,327038,20,1
2018,327038,20,0
2019,327038,20,4
2020,327038,20,7
2021,327038,20,11
2012,327038,21,11
2013,327038,21,25
2014,327038,21,32
2015,327038,21,46
2016,327038,21,33
2017,327038,21,58
2018,327038,21,59
2019,327038,21,68
2020,327038,21,73
2021,327038,21,105
2012,327038,22,264
2013,327038,22,316
2014,327038,22,375
2015,327038,22,409
2016,327038,22,463
2017,327038,22,416
2018,327038,22,482
2019,327038,22,379
2020,327038,22,383
2021,327038,22,321
2012,327038,23,18
2013,327038,23,20
2014,327038,23,21
2015,327038,23,22
2016,327038,23,34
2017,327038,23,46
2018,327038,23,59
2019,327038,23,75
2020,327038,23,48
2021,327038,23,49
2012,327038,24,2
2013,327038,24,3
2014,327038,24,0
2015,327038,24,1
2016,327038,24,3
2017,327038,24,2
2018,327038,24,1
2019,327038,24,2
2020,327038,24,0
2021,327038,24,1
2012,327038,25,134
2013,327038,25,146
2014,327038,25,149
2015,327038,25,184
2016,327038,25,215
2017,327038,25,170
2018,327038,25,257
2019,327038,25,201
2020,327038,25,135
2021,327038,25,142
2012,327038,26,99
2013,327038,26,92
2014,327038,26,119
2015,327038,26,106
2016,327038,26,171
2017,327038,26,129
2018,327038,26,143
2019,327038,26,127
2020,327038,26,98
2021,327038,26,113
2012,327038,27,4
2013,327038,27,6
2014,327038,27,3
2015,327038,27,7
2016,327038,27,11
2017,327038,27,18
2018,327038,27,8
2019,327038,27,9
2020,327038,27,9
2021,327038,27,13
2012,327038,28,1
2013,327038,28,0
2014,327038,28,1
2015,327038,28,0
2016,327038,28,0
2017,327038,28,0
2018,327038,28,1
2019,327038,28,0
2020,327038,28,2
2021,327038,28,0
2012,327038,29,None
2013,327038,29,0
2014,327038,29,0
2015,327038,29,None
2016,327038,29,None
2017,327038,29,None
2018,327038,29,0
2019,327038,29,0
2020,327038,29,0
2021,327038,29,0
2012,327038,30,7
2013,327038,30,5
2014,327038,30,4
2015,327038,30,2
2016,327038,30,4
2017,327038,30,1
2018,327038,30,3
2019,327038,30,4
2020,327038,30,1
2021,327038,30,3
2012,327038,31,141
2013,327038,31,152
2014,327038,31,153
2015,327038,31,175
2016,327038,31,206
2017,327038,31,163
2018,327038,31,248
2019,327038,31,200
2020,327038,31,153
2021,327038,31,168
2012,327038,32,0
2013,327038,32,None
2014,327038,32,0
2015,327038,32,1
2016,327038,32,None
2017,327038,32,0
2018,327038,32,0
2019,327038,32,1
2020,327038,32,2
2021,327038,32,1
2012,327038,33,8
2013,327038,33,17
2014,327038,33,13
2015,327038,33,28
2016,327038,33,23
2017,327038,33,27
2018,327038,33,27
2019,327038,33,27
2020,327038,33,29
2021,327038,33,32
2012,327038,34,None
2013,327038,34,None
2014,327038,34,None
2015,327038,34,0
2016,327038,34,0
2017,327038,34,None
2018,327038,34,0
2019,327038,34,0
2020,327038,34,1
2021,327038,34,0
2012,327038,35,None
2013,327038,35,None
2014,327038,35,0
2015,327038,35,0
2016,327038,35,None
2017,327038,35,None
2018,327038,35,11
2019,327038,35,0
2020,327038,35,0
2021,327038,35,0
2012,327038,36,1
2013,327038,36,0
2014,327038,36,1
2015,327038,36,1
2016,327038,36,1
2017,327038,36,9
2018,327038,36,0
2019,327038,36,0
2020,327038,36,0
2021,327038,36,0
2012,327006,10,None
2013,327006,10,None
2014,327006,10,0
2015,327006,10,0
2016,327006,10,0
2017,327006,10,3
2018,327006,10,1
2019,327006,10,1
2020,327006,10,3
2021,327006,10,1
2012,327006,11,0
2013,327006,11,1
2014,327006,11,0
2015,327006,11,2
2016,327006,11,3
2017,327006,11,3
2018,327006,11,3
2019,327006,11,9
2020,327006,11,3
2021,327006,11,4
2012,327006,12,1
2013,327006,12,0
2014,327006,12,1
2015,327006,12,1
2016,327006,12,1
2017,327006,12,1
2018,327006,12,1
2019,327006,12,4
2020,327006,12,6
2021,327006,12,10
2012,327006,13,7
2013,327006,13,14
2014,327006,13,7
2015,327006,13,3
2016,327006,13,6
2017,327006,13,11
2018,327006,13,4
2019,327006,13,6
2020,327006,13,9
2021,327006,13,14
2012,327006,14,1
2013,327006,14,0
2014,327006,14,0
2015,327006,14,2
2016,327006,14,5
2017,327006,14,7
2018,327006,14,3
2019,327006,14,3
2020,327006,14,2
2021,327006,14,7
2012,327006,15,29
2013,327006,15,32
2014,327006,15,28
2015,327006,15,28
2016,327006,15,42
2017,327006,15,25
2018,327006,15,28
2019,327006,15,30
2020,327006,15,35
2021,327006,15,30
2012,327006,16,33
2013,327006,16,48
2014,327006,16,27
2015,327006,16,28
2016,327006,16,52
2017,327006,16,37
2018,327006,16,59
2019,327006,16,39
2020,327006,16,28
2021,327006,16,36
2012,327006,17,14
2013,327006,17,10
2014,327006,17,29
2015,327006,17,34
2016,327006,17,20
2017,327006,17,30
2018,327006,17,24
2019,327006,17,41
2020,327006,17,31
2021,327006,17,27
2012,327006,18,2
2013,327006,18,0
2014,327006,18,2
2015,327006,18,13
2016,327006,18,3
2017,327006,18,2
2018,327006,18,0
2019,327006,18,0
2020,327006,18,3
2021,327006,18,6
2012,327006,19,0
2013,327006,19,3
2014,327006,19,2
2015,327006,19,7
2016,327006,19,10
2017,327006,19,22
2018,327006,19,21
2019,327006,19,35
2020,327006,19,13
2021,327006,19,8
2012,327006,20,None
2013,327006,20,1
2014,327006,20,0
2015,327006,20,10
2016,327006,20,1
2017,327006,20,2
2018,327006,20,1
2019,327006,20,1
2020,327006,20,2
2021,327006,20,0
2012,327006,21,5
2013,327006,21,7
2014,327006,21,10
2015,327006,21,7
2016,327006,21,20
2017,327006,21,26
2018,327006,21,24
2019,327006,21,46
2020,327006,21,33
2021,327006,21,53
2012,327006,22,64
2013,327006,22,74
2014,327006,22,92
2015,327006,22,111
2016,327006,22,133
2017,327006,22,112
2018,327006,22,170
2019,327006,22,179
2020,327006,22,130
2021,327006,22,130
2012,327006,23,6
2013,327006,23,7
2014,327006,23,9
2015,327006,23,13
2016,327006,23,20
2017,327006,23,32
2018,327006,23,32
2019,327006,23,59
2020,327006,23,27
2021,327006,23,44
2012,327006,24,None
2013,327006,24,1
2014,327006,24,None
2015,327006,24,0
2016,327006,24,None
2017,327006,24,0
2018,327006,24,0
2019,327006,24,None
2020,327006,24,0
2021,327006,24,0
2012,327006,25,43
2013,327006,25,42
2014,327006,25,26
2015,327006,25,40
2016,327006,25,64
2017,327006,25,51
2018,327006,25,104
2019,327006,25,101
2020,327006,25,74
2021,327006,25,71
2012,327006,26,15
2013,327006,26,10
2014,327006,26,24
2015,327006,26,29
2016,327006,26,12
2017,327006,26,20
2018,327006,26,15
2019,327006,26,19
2020,327006,26,32
2021,327006,26,41
2012,327006,27,3
2013,327006,27,0
2014,327006,27,3
2015,327006,27,1
2016,327006,27,1
2017,327006,27,1
2018,327006,27,1
2019,327006,27,1
2020,327006,27,0
2021,327006,27,0
2012,327006,28,None
2013,327006,28,None
2014,327006,28,0
2015,327006,28,None
2016,327006,28,1
2017,327006,28,None
2018,327006,28,None
2019,327006,28,0
2020,327006,28,0
2021,327006,28,None
2012,327006,29,None
2013,327006,29,None
2014,327006,29,None
2015,327006,29,None
2016,327006,29,None
2017,327006,29,None
2018,327006,29,None
2019,327006,29,0
2020,327006,29,1
2021,327006,29,None
2012,327006,30,2
2013,327006,30,0
2014,327006,30,0
2015,327006,30,1
2016,327006,30,0
2017,327006,30,1
2018,327006,30,1
2019,327006,30,2
2020,327006,30,2
2021,327006,30,4
2012,327006,31,23
2013,327006,31,30
2014,327006,31,30
2015,327006,31,38
2016,327006,31,34
2017,327006,31,32
2018,327006,31,59
2019,327006,31,51
2020,327006,31,46
2021,327006,31,60
2012,327006,32,None
2013,327006,32,None
2014,327006,32,0
2015,327006,32,None
2016,327006,32,None
2017,327006,32,None
2018,327006,32,0
2019,327006,32,0
2020,327006,32,None
2021,327006,32,0
2012,327006,33,2
2013,327006,33,2
2014,327006,33,4
2015,327006,33,15
2016,327006,33,14
2017,327006,33,10
2018,327006,33,10
2019,327006,33,19
2020,327006,33,18
2021,327006,33,20
2012,327006,34,0
2013,327006,34,None
2014,327006,34,None
2015,327006,34,None
2016,327006,34,None
2017,327006,34,None
2018,327006,34,None
2019,327006,34,None
2020,327006,34,0
2021,327006,34,None
2012,327006,35,None
2013,327006,35,None
2014,327006,35,None
2015,327006,35,None
2016,327006,35,None
2017,327006,35,None
2018,327006,35,None
2019,327006,35,None
2020,327006,35,None
2021,327006,35,None
2012,327006,36,None
2013,327006,36,None
2014,327006,36,None
2015,327006,36,None
2016,327006,36,None
2017,327006,36,0
2018,327006,36,None
2019,327006,36,0
2020,327006,36,0
2021,327006,36,1
2012,327026,10,None
2013,327026,10,2
2014,327026,10,0
2015,327026,10,0
2016,327026,10,0
2017,327026,10,0
2018,327026,10,1
2019,327026,10,1
2020,327026,10,2
2021,327026,10,1
2012,327026,11,8
2013,327026,11,10
2014,327026,11,9
2015,327026,11,11
2016,327026,11,5
2017,327026,11,8
2018,327026,11,7
2019,327026,11,11
2020,327026,11,9
2021,327026,11,12
2012,327026,12,5
2013,327026,12,7
2014,327026,12,1
2015,327026,12,5
2016,327026,12,2
2017,327026,12,4
2018,327026,12,1
2019,327026,12,2
2020,327026,12,8
2021,327026,12,3
2012,327026,13,8
2013,327026,13,10
2014,327026,13,8
2015,327026,13,14
2016,327026,13,5
2017,327026,13,8
2018,327026,13,8
2019,327026,13,20
2020,327026,13,4
2021,327026,13,14
2012,327026,14,0
2013,327026,14,1
2014,327026,14,0
2015,327026,14,1
2016,327026,14,2
2017,327026,14,0
2018,327026,14,2
2019,327026,14,0
2020,327026,14,1
2021,327026,14,1
2012,327026,15,2
2013,327026,15,4
2014,327026,15,7
2015,327026,15,5
2016,327026,15,2
2017,327026,15,4
2018,327026,15,0
2019,327026,15,1
2020,327026,15,3
2021,327026,15,7
2012,327026,16,15
2013,327026,16,16
2014,327026,16,16
2015,327026,16,22
2016,327026,16,9
2017,327026,16,14
2018,327026,16,11
2019,327026,16,17
2020,327026,16,16
2021,327026,16,12
2012,327026,17,3
2013,327026,17,2
2014,327026,17,2
2015,327026,17,5
2016,327026,17,3
2017,327026,17,5
2018,327026,17,4
2019,327026,17,5
2020,327026,17,9
2021,327026,17,17
2012,327026,18,None
2013,327026,18,None
2014,327026,18,0
2015,327026,18,0
2016,327026,18,0
2017,327026,18,0
2018,327026,18,2
2019,327026,18,1
2020,327026,18,1
2021,327026,18,0
2012,327026,19,1
2013,327026,19,2
2014,327026,19,2
2015,327026,19,3
2016,327026,19,1
2017,327026,19,1
2018,327026,19,2
2019,327026,19,1
2020,327026,19,1
2021,327026,19,0
2012,327026,20,0
2013,327026,20,0
2014,327026,20,0
2015,327026,20,1
2016,327026,20,1
2017,327026,20,2
2018,327026,20,5
2019,327026,20,1
2020,327026,20,2
2021,327026,20,1
2012,327026,21,0
2013,327026,21,4
2014,327026,21,1
2015,327026,21,5
2016,327026,21,1
2017,327026,21,0
2018,327026,21,1
2019,327026,21,3
2020,327026,21,1
2021,327026,21,0
2012,327026,22,1
2013,327026,22,6
2014,327026,22,4
2015,327026,22,12
2016,327026,22,5
2017,327026,22,3
2018,327026,22,2
2019,327026,22,5
2020,327026,22,1
2021,327026,22,3
2012,327026,23,7
2013,327026,23,9
2014,327026,23,9
2015,327026,23,9
2016,327026,23,5
2017,327026,23,4
2018,327026,23,3
2019,327026,23,10
2020,327026,23,4
2021,327026,23,8
2012,327026,24,None
2013,327026,24,2
2014,327026,24,1
2015,327026,24,0
2016,327026,24,1
2017,327026,24,3
2018,327026,24,1
2019,327026,24,0
2020,327026,24,1
2021,327026,24,3
2012,327026,25,7
2013,327026,25,9
2014,327026,25,3
2015,327026,25,11
2016,327026,25,4
2017,327026,25,6
2018,327026,25,7
2019,327026,25,6
2020,327026,25,6
2021,327026,25,2
2012,327026,26,8
2013,327026,26,9
2014,327026,26,11
2015,327026,26,15
2016,327026,26,12
2017,327026,26,7
2018,327026,26,15
2019,327026,26,19
2020,327026,26,16
2021,327026,26,19
2012,327026,27,3
2013,327026,27,3
2014,327026,27,2
2015,327026,27,0
2016,327026,27,1
2017,327026,27,1
2018,327026,27,1
2019,327026,27,2
2020,327026,27,0
2021,327026,27,3
2012,327026,28,None
2013,327026,28,0
2014,327026,28,0
2015,327026,28,0
2016,327026,28,1
2017,327026,28,1
2018,327026,28,0
2019,327026,28,1
2020,327026,28,0
2021,327026,28,0
2012,327026,29,None
2013,327026,29,None
2014,327026,29,None
2015,327026,29,None
2016,327026,29,None
2017,327026,29,None
2018,327026,29,0
2019,327026,29,None
2020,327026,29,0
2021,327026,29,0
2012,327026,30,3
2013,327026,30,3
2014,327026,30,2
2015,327026,30,6
2016,327026,30,1
2017,327026,30,2
2018,327026,30,1
2019,327026,30,5
2020,327026,30,4
2021,327026,30,0
2012,327026,31,8
2013,327026,31,14
2014,327026,31,12
2015,327026,31,16
2016,327026,31,6
2017,327026,31,9
2018,327026,31,12
2019,327026,31,9
2020,327026,31,10
2021,327026,31,8
2012,327026,32,0
2013,327026,32,0
2014,327026,32,0
2015,327026,32,0
2016,327026,32,2
2017,327026,32,1
2018,327026,32,0
2019,327026,32,2
2020,327026,32,2
2021,327026,32,3
2012,327026,33,0
2013,327026,33,2
2014,327026,33,1
2015,327026,33,5
2016,327026,33,6
2017,327026,33,3
2018,327026,33,5
2019,327026,33,10
2020,327026,33,6
2021,327026,33,11
2012,327026,34,None
2013,327026,34,0
2014,327026,34,0
2015,327026,34,0
2016,327026,34,0
2017,327026,34,0
2018,327026,34,0
2019,327026,34,0
2020,327026,34,None
2021,327026,34,0
2012,327026,35,None
2013,327026,35,None
2014,327026,35,None
2015,327026,35,None
2016,327026,35,None
2017,327026,35,None
2018,327026,35,None
2019,327026,35,None
2020,327026,35,None
2021,327026,35,None
2012,327026,36,0
2013,327026,36,None
2014,327026,36,None
2015,327026,36,None
2016,327026,36,0
2017,327026,36,0
2018,327026,36,None
2019,327026,36,None
2020,327026,36,None
2021,327026,36,1
2012,708405,10,None
2013,708405,10,None
2014,708405,10,None
2015,708405,10,None
2016,708405,10,None
2017,708405,10,None
2018,708405,10,0
2019,708405,10,None
2020,708405,10,0
2021,708405,10,0
2012,708405,11,0
2013,708405,11,1
2014,708405,11,2
2015,708405,11,8
2016,708405,11,6
2017,708405,11,6
2018,708405,11,4
2019,708405,11,7
2020,708405,11,8
2021,708405,11,5
2012,708405,12,None
2013,708405,12,None
2014,708405,12,0
2015,708405,12,0
2016,708405,12,0
2017,708405,12,1
2018,708405,12,0
2019,708405,12,0
2020,708405,12,0
2021,708405,12,2
2012,708405,13,0
2013,708405,13,1
2014,708405,13,3
2015,708405,13,3
2016,708405,13,0
2017,708405,13,1
2018,708405,13,1
2019,708405,13,1
2020,708405,13,2
2021,708405,13,3
2012,708405,14,5
2013,708405,14,7
2014,708405,14,3
2015,708405,14,19
2016,708405,14,15
2017,708405,14,13
2018,708405,14,11
2019,708405,14,19
2020,708405,14,21
2021,708405,14,27
2012,708405,15,None
2013,708405,15,1
2014,708405,15,3
2015,708405,15,1
2016,708405,15,0
2017,708405,15,1
2018,708405,15,1
2019,708405,15,0
2020,708405,15,3
2021,708405,15,1
2012,708405,16,0
2013,708405,16,1
2014,708405,16,4
2015,708405,16,4
2016,708405,16,0
2017,708405,16,3
2018,708405,16,2
2019,708405,16,1
2020,708405,16,5
2021,708405,16,0
2012,708405,17,14
2013,708405,17,14
2014,708405,17,12
2015,708405,17,13
2016,708405,17,6
2017,708405,17,17
2018,708405,17,22
2019,708405,17,19
2020,708405,17,22
2021,708405,17,9
2012,708405,18,1
2013,708405,18,4
2014,708405,18,2
2015,708405,18,5
2016,708405,18,3
2017,708405,18,6
2018,708405,18,4
2019,708405,18,6
2020,708405,18,7
2021,708405,18,6
2012,708405,19,0
2013,708405,19,0
2014,708405,19,0
2015,708405,19,0
2016,708405,19,0
2017,708405,19,1
2018,708405,19,0
2019,708405,19,0
2020,708405,19,1
2021,708405,19,0
2012,708405,20,3
2013,708405,20,8
2014,708405,20,9
2015,708405,20,17
2016,708405,20,7
2017,708405,20,14
2018,708405,20,12
2019,708405,20,13
2020,708405,20,20
2021,708405,20,20
2012,708405,21,0
2013,708405,21,0
2014,708405,21,1
2015,708405,21,None
2016,708405,21,1
2017,708405,21,1
2018,708405,21,3
2019,708405,21,2
2020,708405,21,5
2021,708405,21,3
2012,708405,22,0
2013,708405,22,5
2014,708405,22,5
2015,708405,22,13
2016,708405,22,5
2017,708405,22,7
2018,708405,22,7
2019,708405,22,16
2020,708405,22,12
2021,708405,22,3
2012,708405,23,1
2013,708405,23,2
2014,708405,23,2
2015,708405,23,2
2016,708405,23,3
2017,708405,23,3
2018,708405,23,6
2019,708405,23,3
2020,708405,23,7
2021,708405,23,3
2012,708405,24,None
2013,708405,24,None
2014,708405,24,None
2015,708405,24,1
2016,708405,24,0
2017,708405,24,1
2018,708405,24,None
2019,708405,24,2
2020,708405,24,0
2021,708405,24,3
2012,708405,25,0
2013,708405,25,1
2014,708405,25,2
2015,708405,25,1
2016,708405,25,0
2017,708405,25,0
2018,708405,25,3
2019,708405,25,0
2020,708405,25,2
2021,708405,25,1
2012,708405,26,9
2013,708405,26,5
2014,708405,26,3
2015,708405,26,4
2016,708405,26,2
2017,708405,26,8
2018,708405,26,5
2019,708405,26,11
2020,708405,26,13
2021,708405,26,6
2012,708405,27,None
2013,708405,27,0
2014,708405,27,None
2015,708405,27,1
2016,708405,27,0
2017,708405,27,2
2018,708405,27,1
2019,708405,27,None
2020,708405,27,0
2021,708405,27,3
2012,708405,28,None
2013,708405,28,None
2014,708405,28,None
2015,708405,28,None
2016,708405,28,None
2017,708405,28,None
2018,708405,28,1
2019,708405,28,1
2020,708405,28,0
2021,708405,28,None
2012,708405,29,None
2013,708405,29,None
2014,708405,29,1
2015,708405,29,None
2016,708405,29,None
2017,708405,29,2
2018,708405,29,1
2019,708405,29,0
2020,708405,29,0
2021,708405,29,1
2012,708405,30,None
2013,708405,30,None
2014,708405,30,0
2015,708405,30,1
2016,708405,30,None
2017,708405,30,0
2018,708405,30,0
2019,708405,30,0
2020,708405,30,0
2021,708405,30,0
2012,708405,31,0
2013,708405,31,0
2014,708405,31,None
2015,708405,31,None
2016,708405,31,0
2017,708405,31,0
2018,708405,31,2
2019,708405,31,1
2020,708405,31,3
2021,708405,31,2
2012,708405,32,None
2013,708405,32,0
2014,708405,32,None
2015,708405,32,None
2016,708405,32,1
2017,708405,32,1
2018,708405,32,1
2019,708405,32,0
2020,708405,32,0
2021,708405,32,3
2012,708405,33,2
2013,708405,33,2
2014,708405,33,4
2015,708405,33,18
2016,708405,33,9
2017,708405,33,9
2018,708405,33,9
2019,708405,33,7
2020,708405,33,9
2021,708405,33,12
2012,708405,34,None
2013,708405,34,None
2014,708405,34,None
2015,708405,34,None
2016,708405,34,None
2017,708405,34,None
2018,708405,34,None
2019,708405,34,0
2020,708405,34,1
2021,708405,34,1
2012,708405,35,0
2013,708405,35,None
2014,708405,35,None
2015,708405,35,None
2016,708405,35,None
2017,708405,35,None
2018,708405,35,None
2019,708405,35,None
2020,708405,35,None
2021,708405,35,None
2012,708405,36,None
2013,708405,36,None
2014,708405,36,None
2015,708405,36,None
2016,708405,36,None
2017,708405,36,None
2018,708405,36,None
2019,708405,36,1
2020,708405,36,0
2021,708405,36,0
2012,327002,10,2
2013,327002,10,0
2014,327002,10,3
2015,327002,10,2
2016,327002,10,2
2017,327002,10,3
2018,327002,10,2
2019,327002,10,3
2020,327002,10,1
2021,327002,10,3
2012,327002,11,3
2013,327002,11,1
2014,327002,11,5
2015,327002,11,1
2016,327002,11,9
2017,327002,11,6
2018,327002,11,3
2019,327002,11,13
2020,327002,11,8
2021,327002,11,8
2012,327002,12,1
2013,327002,12,2
2014,327002,12,1
2015,327002,12,3
2016,327002,12,1
2017,327002,12,1
2018,327002,12,1
2019,327002,12,0
2020,327002,12,3
2021,327002,12,4
2012,327002,13,6
2013,327002,13,10
2014,327002,13,8
2015,327002,13,11
2016,327002,13,18
2017,327002,13,8
2018,327002,13,14
2019,327002,13,14
2020,327002,13,18
2021,327002,13,38
2012,327002,14,5
2013,327002,14,1
2014,327002,14,14
2015,327002,14,5
2016,327002,14,3
2017,327002,14,4
2018,327002,14,5
2019,327002,14,4
2020,327002,14,3
2021,327002,14,14
2012,327002,15,19
2013,327002,15,29
2014,327002,15,26
2015,327002,15,37
2016,327002,15,44
2017,327002,15,59
2018,327002,15,59
2019,327002,15,42
2020,327002,15,42
2021,327002,15,33
2012,327002,16,75
2013,327002,16,52
2014,327002,16,72
2015,327002,16,63
2016,327002,16,91
2017,327002,16,91
2018,327002,16,87
2019,327002,16,93
2020,327002,16,62
2021,327002,16,63
2012,327002,17,189
2013,327002,17,180
2014,327002,17,225
2015,327002,17,211
2016,327002,17,250
2017,327002,17,220
2018,327002,17,202
2019,327002,17,161
2020,327002,17,165
2021,327002,17,194
2012,327002,18,8
2013,327002,18,4
2014,327002,18,12
2015,327002,18,6
2016,327002,18,5
2017,327002,18,8
2018,327002,18,11
2019,327002,18,10
2020,327002,18,2
2021,327002,18,16
2012,327002,19,73
2013,327002,19,94
2014,327002,19,84
2015,327002,19,98
2016,327002,19,152
2017,327002,19,205
2018,327002,19,209
2019,327002,19,191
2020,327002,19,93
2021,327002,19,73
2012,327002,20,3
2013,327002,20,0
2014,327002,20,3
2015,327002,20,4
2016,327002,20,3
2017,327002,20,6
2018,327002,20,5
2019,327002,20,5
2020,327002,20,1
2021,327002,20,7
2012,327002,21,14
2013,327002,21,16
2014,327002,21,16
2015,327002,21,36
2016,327002,21,92
2017,327002,21,96
2018,327002,21,119
2019,327002,21,95
2020,327002,21,83
2021,327002,21,141
2012,327002,22,242
2013,327002,22,258
2014,327002,22,322
2015,327002,22,325
2016,327002,22,371
2017,327002,22,289
2018,327002,22,337
2019,327002,22,264
2020,327002,22,299
2021,327002,22,345
2012,327002,23,23
2013,327002,23,24
2014,327002,23,30
2015,327002,23,26
2016,327002,23,94
2017,327002,23,109
2018,327002,23,113
2019,327002,23,130
2020,327002,23,56
2021,327002,23,47
2012,327002,24,None
2013,327002,24,0
2014,327002,24,0
2015,327002,24,0
2016,327002,24,2
2017,327002,24,1
2018,327002,24,0
2019,327002,24,0
2020,327002,24,0
2021,327002,24,0
2012,327002,25,181
2013,327002,25,220
2014,327002,25,256
2015,327002,25,272
2016,327002,25,277
2017,327002,25,213
2018,327002,25,208
2019,327002,25,180
2020,327002,25,158
2021,327002,25,165
2012,327002,26,97
2013,327002,26,63
2014,327002,26,85
2015,327002,26,90
2016,327002,26,125
2017,327002,26,102
2018,327002,26,122
2019,327002,26,119
2020,327002,26,139
2021,327002,26,193
2012,327002,27,11
2013,327002,27,13
2014,327002,27,10
2015,327002,27,13
2016,327002,27,25
2017,327002,27,10
2018,327002,27,7
2019,327002,27,2
2020,327002,27,5
2021,327002,27,5
2012,327002,28,0
2013,327002,28,1
2014,327002,28,2
2015,327002,28,2
2016,327002,28,1
2017,327002,28,1
2018,327002,28,1
2019,327002,28,1
2020,327002,28,1
2021,327002,28,2
2012,327002,29,0
2013,327002,29,0
2014,327002,29,1
2015,327002,29,None
2016,327002,29,None
2017,327002,29,None
2018,327002,29,None
2019,327002,29,0
2020,327002,29,None
2021,327002,29,1
2012,327002,30,0
2013,327002,30,2
2014,327002,30,0
2015,327002,30,2
2016,327002,30,0
2017,327002,30,0
2018,327002,30,2
2019,327002,30,2
2020,327002,30,0
2021,327002,30,3
2012,327002,31,161
2013,327002,31,179
2014,327002,31,196
2015,327002,31,175
2016,327002,31,261
2017,327002,31,163
2018,327002,31,196
2019,327002,31,153
2020,327002,31,119
2021,327002,31,174
2012,327002,32,0
2013,327002,32,0
2014,327002,32,None
2015,327002,32,0
2016,327002,32,1
2017,327002,32,4
2018,327002,32,2
2019,327002,32,0
2020,327002,32,0
2021,327002,32,0
2012,327002,33,11
2013,327002,33,5
2014,327002,33,9
2015,327002,33,4
2016,327002,33,17
2017,327002,33,21
2018,327002,33,24
2019,327002,33,16
2020,327002,33,8
2021,327002,33,22
2012,327002,34,0
2013,327002,34,0
2014,327002,34,None
2015,327002,34,0
2016,327002,34,None
2017,327002,34,0
2018,327002,34,0
2019,327002,34,None
2020,327002,34,0
2021,327002,34,0
2012,327002,35,0
2013,327002,35,None
2014,327002,35,None
2015,327002,35,None
2016,327002,35,None
2017,327002,35,0
2018,327002,35,1
2019,327002,35,None
2020,327002,35,0
2021,327002,35,0
2012,327002,36,1
2013,327002,36,3
2014,327002,36,0
2015,327002,36,3
2016,327002,36,5
2017,327002,36,2
2018,327002,36,0
2019,327002,36,2
2020,327002,36,1
2021,327002,36,1
