2012,327005,10,None
2013,327005,10,None
2014,327005,10,0.32156593
2015,327005,10,1.9931487
2016,327005,10,1.0453045
2017,327005,10,0.8279913
2018,327005,10,0.4429335
2019,327005,10,0.401017
2020,327005,10,0.796549
2021,327005,10,0.5723364
2012,327005,11,0.17963545
2013,327005,11,0.35813025
2014,327005,11,0.3673922
2015,327005,11,0.44588906
2016,327005,11,0.44301778
2017,327005,11,0.5305606
2018,327005,11,0.9052313
2019,327005,11,0.7148007
2020,327005,11,0.9206658
2021,327005,11,1.0934161
2012,327005,12,0.257307
2013,327005,12,0.45604035
2014,327005,12,2.5151172
2015,327005,12,0.75378186
2016,327005,12,0.83675724
2017,327005,12,0.48396486
2018,327005,12,0.7556333
2019,327005,12,0.19395746
2020,327005,12,4.1705947
2021,327005,12,2.378542
2012,327005,13,0.67074186
2013,327005,13,1.2551411
2014,327005,13,0.555709
2015,327005,13,1.2380613
2016,327005,13,0.8567649
2017,327005,13,0.8562976
2018,327005,13,0.52877957
2019,327005,13,0.86717206
2020,327005,13,0.8298262
2021,327005,13,0.7293511
2012,327005,14,0.9170528
2013,327005,14,0.6658627
2014,327005,14,0.9086112
2015,327005,14,0.50888926
2016,327005,14,0.5948806
2017,327005,14,0.90173364
2018,327005,14,1.4134823
2019,327005,14,0.7878114
2020,327005,14,0.8556092
2021,327005,14,0.6814857
2012,327005,15,0.65205234
2013,327005,15,0.8804003
2014,327005,15,0.49785873
2015,327005,15,0.56859165
2016,327005,15,0.68030775
2017,327005,15,0.52425796
2018,327005,15,0.89733356
2019,327005,15,0.5611086
2020,327005,15,0.8423141
2021,327005,15,0.4157585
2012,327005,16,0.8557601
2013,327005,16,1.5792835
2014,327005,16,0.8957273
2015,327005,16,1.5843791
2016,327005,16,1.1422176
2017,327005,16,0.8292374
2018,327005,16,0.6090164
2019,327005,16,0.9009384
2020,327005,16,1.7821572
2021,327005,16,0.6390196
2012,327005,17,0.9116346
2013,327005,17,1.3914025
2014,327005,17,1.087206
2015,327005,17,0.9715909
2016,327005,17,0.7904452
2017,327005,17,0.6723249
2018,327005,17,0.5378243
2019,327005,17,0.5805915
2020,327005,17,0.7631007
2021,327005,17,0.5174244
2012,327005,18,3.303918
2013,327005,18,1.8319014
2014,327005,18,1.4610524
2015,327005,18,0.8357454
2016,327005,18,1.0100516
2017,327005,18,1.8438727
2018,327005,18,0.3791444
2019,327005,18,0.79405785
2020,327005,18,0.9929517
2021,327005,18,0.33492297
2012,327005,19,0.076357834
2013,327005,19,0.26201218
2014,327005,19,0.13660558
2015,327005,19,0.040350113
2016,327005,19,0.5796762
2017,327005,19,0.46642512
2018,327005,19,0.78010595
2019,327005,19,0.48172843
2020,327005,19,0.40062127
2021,327005,19,0.80541205
2012,327005,20,0.0
2013,327005,20,0.29892936
2014,327005,20,1.6687791
2015,327005,20,1.1066016
2016,327005,20,1.541808
2017,327005,20,2.2038865
2018,327005,20,1.5544013
2019,327005,20,0.5293505
2020,327005,20,0.90510356
2021,327005,20,0.5095183
2012,327005,21,0.9049018
2013,327005,21,2.5151682
2014,327005,21,1.1595666
2015,327005,21,0.5269825
2016,327005,21,1.1502564
2017,327005,21,0.573016
2018,327005,21,1.1516213
2019,327005,21,0.83448434
2020,327005,21,0.95975506
2021,327005,21,0.9636185
2012,327005,22,0.66451263
2013,327005,22,1.13561
2014,327005,22,0.84461266
2015,327005,22,0.8140787
2016,327005,22,0.7298628
2017,327005,22,0.8764731
2018,327005,22,0.71146125
2019,327005,22,0.7182571
2020,327005,22,0.69855577
2021,327005,22,0.97808355
2012,327005,23,0.25243104
2013,327005,23,0.19200355
2014,327005,23,0.42456296
2015,327005,23,0.35137546
2016,327005,23,0.3892504
2017,327005,23,0.53695345
2018,327005,23,0.7297051
2019,327005,23,0.586628
2020,327005,23,0.57113194
2021,327005,23,0.96030146
2012,327005,24,None
2013,327005,24,0.636921
2014,327005,24,0.49172744
2015,327005,24,1.5457612
2016,327005,24,0.22870794
2017,327005,24,None
2018,327005,24,0.61839634
2019,327005,24,0.9304645
2020,327005,24,0.5151613
2021,327005,24,0.42586815
2012,327005,25,0.8251982
2013,327005,25,0.97757363
2014,327005,25,0.8926226
2015,327005,25,0.9780713
2016,327005,25,0.7535813
2017,327005,25,0.7461552
2018,327005,25,0.74451095
2019,327005,25,0.7287529
2020,327005,25,0.85738224
2021,327005,25,0.84915215
2012,327005,26,1.5921429
2013,327005,26,1.4821664
2014,327005,26,1.0272166
2015,327005,26,0.9673225
2016,327005,26,0.68739074
2017,327005,26,0.800837
2018,327005,26,0.7068529
2019,327005,26,0.87614185
2020,327005,26,0.8796828
2021,327005,26,1.0305705
2012,327005,27,1.536968
2013,327005,27,0.758437
2014,327005,27,0.82254684
2015,327005,27,0.9251669
2016,327005,27,0.77898157
2017,327005,27,0.57375866
2018,327005,27,0.675983
2019,327005,27,0.97673297
2020,327005,27,0.9042
2021,327005,27,1.2083615
2012,327005,28,0.49383542
2013,327005,28,0.9817202
2014,327005,28,1.2148399
2015,327005,28,0.55733806
2016,327005,28,0.8507814
2017,327005,28,0.3490164
2018,327005,28,None
2019,327005,28,0.30809087
2020,327005,28,0.8469079
2021,327005,28,None
2012,327005,29,None
2013,327005,29,None
2014,327005,29,None
2015,327005,29,None
2016,327005,29,3.4348264
2017,327005,29,None
2018,327005,29,1.9376504
2019,327005,29,None
2020,327005,29,0.9026323
2021,327005,29,1.9432132
2012,327005,30,None
2013,327005,30,2.5853984
2014,327005,30,None
2015,327005,30,1.8450831
2016,327005,30,3.012407
2017,327005,30,0.7538521
2018,327005,30,0.9596545
2019,327005,30,1.0965414
2020,327005,30,0.91775435
2021,327005,30,0.57116896
2012,327005,31,0.935063
2013,327005,31,1.0435582
2014,327005,31,1.0218877
2015,327005,31,0.90607595
2016,327005,31,0.8778753
2017,327005,31,0.72740805
2018,327005,31,0.6618282
2019,327005,31,0.8723367
2020,327005,31,1.0913697
2021,327005,31,0.6517045
2012,327005,32,None
2013,327005,32,None
2014,327005,32,None
2015,327005,32,0.38826075
2016,327005,32,None
2017,327005,32,None
2018,327005,32,0.66901416
2019,327005,32,0.21334271
2020,327005,32,0.42260906
2021,327005,32,1.4041299
2012,327005,33,0.44849694
2013,327005,33,0.45363602
2014,327005,33,1.2833817
2015,327005,33,0.5537169
2016,327005,33,0.974086
2017,327005,33,0.46737552
2018,327005,33,0.9729926
2019,327005,33,0.71701026
2020,327005,33,1.3839252
2021,327005,33,0.9680981
2012,327005,34,None
2013,327005,34,None
2014,327005,34,None
2015,327005,34,None
2016,327005,34,None
2017,327005,34,None
2018,327005,34,None
2019,327005,34,None
2020,327005,34,1.3332516
2021,327005,34,1.5155
2012,327005,35,0.14191295
2013,327005,35,0.999689
2014,327005,35,None
2015,327005,35,None
2016,327005,35,None
2017,327005,35,0.0
2018,327005,35,1.3550436
2019,327005,35,None
2020,327005,35,None
2021,327005,35,0.21189839
2012,327005,36,1.7103451
2013,327005,36,0.0
2014,327005,36,0.6006746
2015,327005,36,0.66765857
2016,327005,36,0.0
2017,327005,36,1.5108861
2018,327005,36,None
2019,327005,36,0.3128444
2020,327005,36,0.1605294
2021,327005,36,None
2012,327038,10,0.7034588
2013,327038,10,0.28431565
2014,327038,10,1.0744756
2015,327038,10,2.1662493
2016,327038,10,1.4312755
2017,327038,10,1.0478058
2018,327038,10,0.34043762
2019,327038,10,1.8876791
2020,327038,10,3.0155566
2021,327038,10,0.54508996
2012,327038,11,0.5009497
2013,327038,11,0.6911616
2014,327038,11,1.1761001
2015,327038,11,0.96752644
2016,327038,11,0.91482484
2017,327038,11,0.8996109
2018,327038,11,1.2850907
2019,327038,11,0.81378186
2020,327038,11,0.74445224
2021,327038,11,0.9600539
2012,327038,12,0.5774494
2013,327038,12,1.3081468
2014,327038,12,0.7312967
2015,327038,12,1.112592
2016,327038,12,0.9613198
2017,327038,12,1.3390806
2018,327038,12,0.33981934
2019,327038,12,0.4177584
2020,327038,12,0.66505426
2021,327038,12,0.4873407
2012,327038,13,1.1119418
2013,327038,13,1.2660077
2014,327038,13,1.2634196
2015,327038,13,1.1001364
2016,327038,13,0.91574174
2017,327038,13,1.0601473
2018,327038,13,0.84087294
2019,327038,13,0.8614858
2020,327038,13,0.95380276
2021,327038,13,0.8024791
2012,327038,14,0.6827547
2013,327038,14,0.99323994
2014,327038,14,0.8461662
2015,327038,14,0.7857555
2016,327038,14,0.86931455
2017,327038,14,0.69150764
2018,327038,14,0.631455
2019,327038,14,0.54425794
2020,327038,14,0.4074986
2021,327038,14,0.78997463
2012,327038,15,0.70918626
2013,327038,15,1.0572244
2014,327038,15,0.9737888
2015,327038,15,0.78311527
2016,327038,15,0.6947212
2017,327038,15,0.6949158
2018,327038,15,0.6087496
2019,327038,15,0.76944184
2020,327038,15,0.8545825
2021,327038,15,0.7715808
2012,327038,16,1.1044378
2013,327038,16,1.1979249
2014,327038,16,1.1780885
2015,327038,16,0.9164521
2016,327038,16,0.7787278
2017,327038,16,0.7327562
2018,327038,16,0.71914697
2019,327038,16,0.7878594
2020,327038,16,0.8575032
2021,327038,16,0.7854884
2012,327038,17,0.8479413
2013,327038,17,1.0648675
2014,327038,17,0.9999008
2015,327038,17,0.98197263
2016,327038,17,0.8729622
2017,327038,17,0.96824145
2018,327038,17,0.7264622
2019,327038,17,0.7600501
2020,327038,17,0.73007655
2021,327038,17,0.9341877
2012,327038,18,1.1278844
2013,327038,18,0.44522554
2014,327038,18,0.66565806
2015,327038,18,0.8309201
2016,327038,18,0.70636517
2017,327038,18,0.7361535
2018,327038,18,0.70539474
2019,327038,18,0.65269494
2020,327038,18,0.643188
2021,327038,18,0.94793105
2012,327038,19,0.7407523
2013,327038,19,0.5290947
2014,327038,19,1.0844234
2015,327038,19,0.8170758
2016,327038,19,0.61585945
2017,327038,19,1.7563307
2018,327038,19,0.79333824
2019,327038,19,0.7788119
2020,327038,19,0.74157745
2021,327038,19,0.6851661
2012,327038,20,1.5103041
2013,327038,20,0.29844108
2014,327038,20,0.07103464
2015,327038,20,0.6518757
2016,327038,20,0.7921978
2017,327038,20,0.19615187
2018,327038,20,1.0083033
2019,327038,20,0.5426041
2020,327038,20,0.37812823
2021,327038,20,0.57389706
2012,327038,21,0.90922105
2013,327038,21,1.0471908
2014,327038,21,1.0914106
2015,327038,21,1.0533375
2016,327038,21,0.8714885
2017,327038,21,0.83280635
2018,327038,21,0.85907453
2019,327038,21,0.8229156
2020,327038,21,0.75509286
2021,327038,21,0.7549081
2012,327038,22,1.0700842
2013,327038,22,1.1329798
2014,327038,22,1.2200468
2015,327038,22,1.0603061
2016,327038,22,0.94127524
2017,327038,22,1.0217524
2018,327038,22,0.7402685
2019,327038,22,0.76752406
2020,327038,22,0.73461527
2021,327038,22,0.7835352
2012,327038,23,0.7338557
2013,327038,23,0.67021286
2014,327038,23,1.4222502
2015,327038,23,0.72640324
2016,327038,23,0.9414668
2017,327038,23,0.7879969
2018,327038,23,0.92681533
2019,327038,23,0.7030657
2020,327038,23,0.8136453
2021,327038,23,0.7196723
2012,327038,24,0.31662634
2013,327038,24,0.6345091
2014,327038,24,0.52830553
2015,327038,24,1.0761843
2016,327038,24,0.75011945
2017,327038,24,1.4562242
2018,327038,24,0.9985101
2019,327038,24,2.089392
2020,327038,24,1.2313778
2021,327038,24,0.8906236
2012,327038,25,1.1430434
2013,327038,25,0.9800248
2014,327038,25,1.0999174
2015,327038,25,0.90320385
2016,327038,25,0.86400133
2017,327038,25,0.92197376
2018,327038,25,0.72758687
2019,327038,25,0.8230223
2020,327038,25,0.9362234
2021,327038,25,0.7178449
2012,327038,26,0.9136536
2013,327038,26,0.9043565
2014,327038,26,1.1566398
2015,327038,26,0.93562925
2016,327038,26,0.87232983
2017,327038,26,1.0026695
2018,327038,26,0.7656394
2019,327038,26,0.7310117
2020,327038,26,0.6702586
2021,327038,26,0.85406893
2012,327038,27,0.7137486
2013,327038,27,0.8698854
2014,327038,27,1.1501933
2015,327038,27,1.048548
2016,327038,27,0.92344874
2017,327038,27,1.1277299
2018,327038,27,1.0735915
2019,327038,27,1.218894
2020,327038,27,0.8469437
2021,327038,27,1.1503227
2012,327038,28,0.5689186
2013,327038,28,1.3694665
2014,327038,28,0.54398745
2015,327038,28,0.8242189
2016,327038,28,1.0277565
2017,327038,28,0.58400303
2018,327038,28,0.60678244
2019,327038,28,0.7943094
2020,327038,28,0.88195
2021,327038,28,2.2504885
2012,327038,29,None
2013,327038,29,0.41814536
2014,327038,29,0.0
2015,327038,29,None
2016,327038,29,None
2017,327038,29,None
2018,327038,29,1.1994978
2019,327038,29,2.1115458
2020,327038,29,1.3467892
2021,327038,29,0.8901738
2012,327038,30,0.69560415
2013,327038,30,0.99373966
2014,327038,30,0.7684383
2015,327038,30,0.79786193
2016,327038,30,0.9475939
2017,327038,30,1.1093024
2018,327038,30,1.2544287
2019,327038,30,1.1542922
2020,327038,30,1.0926228
2021,327038,30,1.055827
2012,327038,31,1.7688471
2013,327038,31,1.4862772
2014,327038,31,1.6174154
2015,327038,31,1.3563972
2016,327038,31,1.470085
2017,327038,31,1.4693264
2018,327038,31,1.2012069
2019,327038,31,1.0639039
2020,327038,31,1.0879526
2021,327038,31,0.91449654
2012,327038,32,1.139348
2013,327038,32,None
2014,327038,32,0.13575089
2015,327038,32,0.49736595
2016,327038,32,None
2017,327038,32,0.5219728
2018,327038,32,1.5538498
2019,327038,32,0.23993593
2020,327038,32,0.8752475
2021,327038,32,0.6831454
2012,327038,33,0.6603622
2013,327038,33,0.93225443
2014,327038,33,1.0904254
2015,327038,33,1.2223017
2016,327038,33,1.3088236
2017,327038,33,0.9333609
2018,327038,33,0.94679505
2019,327038,33,0.7826066
2020,327038,33,0.6358443
2021,327038,33,1.017746
2012,327038,34,None
2013,327038,34,None
2014,327038,34,None
2015,327038,34,0.4841247
2016,327038,34,0.288808
2017,327038,34,None
2018,327038,34,1.1736891
2019,327038,34,3.812819
2020,327038,34,0.65733147
2021,327038,34,0.0
2012,327038,35,None
2013,327038,35,None
2014,327038,35,0.8190618
2015,327038,35,0.09227244
2016,327038,35,None
2017,327038,35,None
2018,327038,35,0.71840847
2019,327038,35,0.0
2020,327038,35,0.092427224
2021,327038,35,1.6951871
2012,327038,36,0.68165934
2013,327038,36,0.64976937
2014,327038,36,0.14869876
2015,327038,36,1.2570925
2016,327038,36,1.1433587
2017,327038,36,0.91976315
2018,327038,36,0.25899738
2019,327038,36,0.49899653
2020,327038,36,0.30178833
2021,327038,36,0.63527423
2012,327006,10,None
2013,327006,10,None
2014,327006,10,0.0
2015,327006,10,1.0508516
2016,327006,10,0.15837948
2017,327006,10,4.5990996
2018,327006,10,1.6130776
2019,327006,10,1.0691175
2020,327006,10,0.29600453
2021,327006,10,0.5461844
2012,327006,11,0.26007935
2013,327006,11,0.72530496
2014,327006,11,0.12305076
2015,327006,11,2.3032303
2016,327006,11,1.2190977
2017,327006,11,2.1541233
2018,327006,11,1.4930311
2019,327006,11,0.7212707
2020,327006,11,1.6414065
2021,327006,11,1.0652665
2012,327006,12,0.0
2013,327006,12,0.0
2014,327006,12,0.29710445
2015,327006,12,1.203526
2016,327006,12,0.97092575
2017,327006,12,2.3429058
2018,327006,12,0.93727785
2019,327006,12,0.42483553
2020,327006,12,1.1981162
2021,327006,12,0.7765782
2012,327006,13,0.49820763
2013,327006,13,0.4113123
2014,327006,13,0.9890577
2015,327006,13,0.7620492
2016,327006,13,0.45215842
2017,327006,13,1.6606
2018,327006,13,0.8688204
2019,327006,13,1.0113056
2020,327006,13,1.0705415
2021,327006,13,0.7480659
2012,327006,14,0.0
2013,327006,14,0.2605103
2014,327006,14,1.4199284
2015,327006,14,2.046231
2016,327006,14,3.1566494
2017,327006,14,1.1923898
2018,327006,14,0.6172996
2019,327006,14,1.4201707
2020,327006,14,1.5378557
2021,327006,14,1.0128961
2012,327006,15,0.3440084
2013,327006,15,0.28353822
2014,327006,15,0.72967595
2015,327006,15,0.69934916
2016,327006,15,0.46907806
2017,327006,15,0.6106351
2018,327006,15,0.7643857
2019,327006,15,0.5734942
2020,327006,15,0.9188896
2021,327006,15,0.6196582
2012,327006,16,0.63708675
2013,327006,16,0.64769137
2014,327006,16,0.69596523
2015,327006,16,0.73315305
2016,327006,16,0.66256714
2017,327006,16,0.7609082
2018,327006,16,0.9189698
2019,327006,16,0.8664666
2020,327006,16,1.0317743
2021,327006,16,0.8243927
2012,327006,17,0.7126005
2013,327006,17,1.5166696
2014,327006,17,0.99072796
2015,327006,17,1.7847505
2016,327006,17,0.8122068
2017,327006,17,0.99801576
2018,327006,17,1.2328262
2019,327006,17,0.87426937
2020,327006,17,0.9659443
2021,327006,17,1.1546985
2012,327006,18,1.6333963
2013,327006,18,0.33095056
2014,327006,18,0.9057266
2015,327006,18,1.3777634
2016,327006,18,0.5710178
2017,327006,18,0.74476916
2018,327006,18,0.51157045
2019,327006,18,0.55351466
2020,327006,18,1.5474802
2021,327006,18,1.3271712
2012,327006,19,0.546974
2013,327006,19,0.06771104
2014,327006,19,0.39760435
2015,327006,19,0.74397904
2016,327006,19,0.7674562
2017,327006,19,0.92485976
2018,327006,19,0.75896823
2019,327006,19,0.76612395
2020,327006,19,1.0909648
2021,327006,19,0.8986078
2012,327006,20,None
2013,327006,20,1.8944322
2014,327006,20,1.0864838
2015,327006,20,0.09961492
2016,327006,20,0.4451205
2017,327006,20,0.9613359
2018,327006,20,0.23722406
2019,327006,20,0.439645
2020,327006,20,1.1975092
2021,327006,20,0.4338374
2012,327006,21,0.693568
2013,327006,21,0.712243
2014,327006,21,1.3698368
2015,327006,21,1.4314244
2016,327006,21,1.3001636
2017,327006,21,0.9337061
2018,327006,21,1.0572453
2019,327006,21,0.78688306
2020,327006,21,1.0524465
2021,327006,21,0.76178217
2012,327006,22,0.8077503
2013,327006,22,0.8795674
2014,327006,22,1.273313
2015,327006,22,1.0760655
2016,327006,22,1.2061845
2017,327006,22,1.142158
2018,327006,22,0.845806
2019,327006,22,0.77737945
2020,327006,22,0.7464805
2021,327006,22,0.8658132
2012,327006,23,0.48383766
2013,327006,23,0.37677133
2014,327006,23,0.7189041
2015,327006,23,0.94293135
2016,327006,23,0.8994264
2017,327006,23,0.8899306
2018,327006,23,1.00073
2019,327006,23,0.8666019
2020,327006,23,1.0742804
2021,327006,23,0.9094606
2012,327006,24,None
2013,327006,24,0.28177902
2014,327006,24,None
2015,327006,24,1.9673078
2016,327006,24,None
2017,327006,24,0.7737875
2018,327006,24,1.0743382
2019,327006,24,None
2020,327006,24,1.5278738
2021,327006,24,1.4294267
2012,327006,25,1.1326823
2013,327006,25,1.1842996
2014,327006,25,1.3349242
2015,327006,25,0.91840476
2016,327006,25,1.1986787
2017,327006,25,1.5076345
2018,327006,25,0.880285
2019,327006,25,0.9010512
2020,327006,25,0.9256863
2021,327006,25,1.261463
2012,327006,26,0.6821335
2013,327006,26,1.0717934
2014,327006,26,1.3702905
2015,327006,26,0.98923177
2016,327006,26,1.188085
2017,327006,26,1.135792
2018,327006,26,1.1913493
2019,327006,26,0.71228975
2020,327006,26,1.0827892
2021,327006,26,1.1490345
2012,327006,27,0.23268725
2013,327006,27,0.35500738
2014,327006,27,1.1055537
2015,327006,27,0.39564002
2016,327006,27,0.33148447
2017,327006,27,3.4269998
2018,327006,27,3.310528
2019,327006,27,2.005322
2020,327006,27,0.59483993
2021,327006,27,0.96211576
2012,327006,28,None
2013,327006,28,None
2014,327006,28,0.80570334
2015,327006,28,None
2016,327006,28,0.0
2017,327006,28,None
2018,327006,28,None
2019,327006,28,6.271051
2020,327006,28,1.1570753
2021,327006,28,None
2012,327006,29,None
2013,327006,29,None
2014,327006,29,None
2015,327006,29,None
2016,327006,29,None
2017,327006,29,None
2018,327006,29,None
2019,327006,29,0.3249682
2020,327006,29,0.70204735
2021,327006,29,None
2012,327006,30,1.1369741
2013,327006,30,2.3431647
2014,327006,30,2.1856275
2015,327006,30,1.0770068
2016,327006,30,1.2621111
2017,327006,30,1.0338936
2018,327006,30,0.6606756
2019,327006,30,0.92167485
2020,327006,30,1.0718045
2021,327006,30,1.0318787
2012,327006,31,0.90469134
2013,327006,31,1.4145488
2014,327006,31,1.3273422
2015,327006,31,1.1502606
2016,327006,31,1.2151862
2017,327006,31,1.0354035
2018,327006,31,0.97605556
2019,327006,31,0.8903074
2020,327006,31,0.9972912
2021,327006,31,1.3273818
2012,327006,32,None
2013,327006,32,None
2014,327006,32,0.3220585
2015,327006,32,None
2016,327006,32,None
2017,327006,32,None
2018,327006,32,0.0
2019,327006,32,3.1355255
2020,327006,32,None
2021,327006,32,0.9610676
2012,327006,33,0.0
2013,327006,33,0.5515597
2014,327006,33,1.228238
2015,327006,33,0.36210716
2016,327006,33,0.7441783
2017,327006,33,0.6126923
2018,327006,33,0.9769163
2019,327006,33,0.65902054
2020,327006,33,0.91676944
2021,327006,33,0.60991734
2012,327006,34,0.44110313
2013,327006,34,None
2014,327006,34,None
2015,327006,34,None
2016,327006,34,None
2017,327006,34,None
2018,327006,34,None
2019,327006,34,None
2020,327006,34,0.6514592
2021,327006,34,None
2012,327006,35,None
2013,327006,35,None
2014,327006,35,None
2015,327006,35,None
2016,327006,35,None
2017,327006,35,None
2018,327006,35,None
2019,327006,35,None
2020,327006,35,None
2021,327006,35,None
2012,327006,36,None
2013,327006,36,None
2014,327006,36,None
2015,327006,36,None
2016,327006,36,None
2017,327006,36,0.28683916
2018,327006,36,None
2019,327006,36,0.97553056
2020,327006,36,0.11364109
2021,327006,36,0.2672901
2012,327026,10,None
2013,327026,10,0.70013374
2014,327026,10,0.3178941
2015,327026,10,1.7106309
2016,327026,10,0.38011074
2017,327026,10,4.8694396
2018,327026,10,0.77591425
2019,327026,10,0.7867572
2020,327026,10,0.44859204
2021,327026,10,0.9778294
2012,327026,11,0.9910916
2013,327026,11,1.2389979
2014,327026,11,0.94954985
2015,327026,11,0.72173274
2016,327026,11,0.6621703
2017,327026,11,0.9219641
2018,327026,11,1.0655912
2019,327026,11,1.1453155
2020,327026,11,1.4931697
2021,327026,11,1.2943119
2012,327026,12,0.19417101
2013,327026,12,0.23743854
2014,327026,12,0.55702126
2015,327026,12,0.16549589
2016,327026,12,0.33265528
2017,327026,12,0.51628804
2018,327026,12,0.72202045
2019,327026,12,0.33326593
2020,327026,12,0.45374086
2021,327026,12,0.30539185
2012,327026,13,0.89299816
2013,327026,13,0.7628638
2014,327026,13,0.7497994
2015,327026,13,0.90676594
2016,327026,13,0.6795889
2017,327026,13,0.705713
2018,327026,13,0.81482106
2019,327026,13,0.9521858
2020,327026,13,1.210575
2021,327026,13,1.0290467
2012,327026,14,0.0
2013,327026,14,0.38653263
2014,327026,14,2.0666473
2015,327026,14,0.9259427
2016,327026,14,0.5596166
2017,327026,14,1.7454227
2018,327026,14,0.7859365
2019,327026,14,0.6380803
2020,327026,14,0.05441007
2021,327026,14,2.871603
2012,327026,15,0.93585855
2013,327026,15,0.9648763
2014,327026,15,0.5410868
2015,327026,15,0.91668886
2016,327026,15,1.6432058
2017,327026,15,1.0814037
2018,327026,15,1.2816916
2019,327026,15,0.7850575
2020,327026,15,0.774247
2021,327026,15,0.6595115
2012,327026,16,0.7786791
2013,327026,16,0.7412288
2014,327026,16,0.6375988
2015,327026,16,0.72491926
2016,327026,16,0.8619724
2017,327026,16,0.7501018
2018,327026,16,0.9474749
2019,327026,16,0.6391149
2020,327026,16,0.8760674
2021,327026,16,0.74476105
2012,327026,17,1.0036796
2013,327026,17,1.0914876
2014,327026,17,1.2648582
2015,327026,17,1.8571644
2016,327026,17,0.9122097
2017,327026,17,0.49436858
2018,327026,17,0.8711328
2019,327026,17,0.5167907
2020,327026,17,0.57594746
2021,327026,17,1.1799488
2012,327026,18,None
2013,327026,18,None
2014,327026,18,2.0666473
2015,327026,18,2.061057
2016,327026,18,1.5369598
2017,327026,18,0.7928828
2018,327026,18,0.87831885
2019,327026,18,0.78105307
2020,327026,18,1.1783533
2021,327026,18,0.0
2012,327026,19,1.9449049
2013,327026,19,1.176182
2014,327026,19,1.396323
2015,327026,19,0.765404
2016,327026,19,4.407985
2017,327026,19,14.022814
2018,327026,19,1.3643916
2019,327026,19,2.9174628
2020,327026,19,13.806404
2021,327026,19,6.400294
2012,327026,20,1.8795772
2013,327026,20,0.38653263
2014,327026,20,0.48774928
2015,327026,20,0.780441
2016,327026,20,0.7693823
2017,327026,20,1.285218
2018,327026,20,0.44368136
2019,327026,20,0.5302998
2020,327026,20,0.32630986
2021,327026,20,2.5858014
2012,327026,21,1.8912268
2013,327026,21,0.60058916
2014,327026,21,0.37692812
2015,327026,21,0.11708604
2016,327026,21,0.73666406
2017,327026,21,0.40325963
2018,327026,21,0.40710893
2019,327026,21,0.19124405
2020,327026,21,0.30809167
2021,327026,21,0.4812275
2012,327026,22,0.46900877
2013,327026,22,0.5239401
2014,327026,22,0.6648027
2015,327026,22,0.8660425
2016,327026,22,0.9856841
2017,327026,22,0.587776
2018,327026,22,1.0124636
2019,327026,22,0.73410237
2020,327026,22,1.0075346
2021,327026,22,0.7075239
2012,327026,23,1.1102157
2013,327026,23,0.8610747
2014,327026,23,0.8555429
2015,327026,23,0.3946131
2016,327026,23,0.61111236
2017,327026,23,0.64708525
2018,327026,23,1.6885176
2019,327026,23,1.3087794
2020,327026,23,1.6216284
2021,327026,23,1.126489
2012,327026,24,None
2013,327026,24,1.0328809
2014,327026,24,0.8337232
2015,327026,24,1.2865824
2016,327026,24,0.8753273
2017,327026,24,1.3672799
2018,327026,24,0.90297663
2019,327026,24,1.2884126
2020,327026,24,0.7405541
2021,327026,24,1.3038989
2012,327026,25,0.7029371
2013,327026,25,0.43834656
2014,327026,25,0.51055074
2015,327026,25,0.6187009
2016,327026,25,0.87481856
2017,327026,25,0.57765615
2018,327026,25,0.85154504
2019,327026,25,0.48200455
2020,327026,25,0.7432108
2021,327026,25,0.78146625
2012,327026,26,0.588164
2013,327026,26,0.6318574
2014,327026,26,0.866567
2015,327026,26,0.9494695
2016,327026,26,0.8632048
2017,327026,26,0.70523477
2018,327026,26,0.6910517
2019,327026,26,0.3763245
2020,327026,26,0.4924392
2021,327026,26,0.8727933
2012,327026,27,0.8588236
2013,327026,27,1.725402
2014,327026,27,1.1727881
2015,327026,27,0.9827635
2016,327026,27,0.7481833
2017,327026,27,1.1643698
2018,327026,27,0.8810364
2019,327026,27,0.66030484
2020,327026,27,0.47185448
2021,327026,27,0.98940545
2012,327026,28,None
2013,327026,28,0.19554375
2014,327026,28,0.76719636
2015,327026,28,0.5974643
2016,327026,28,0.7975045
2017,327026,28,0.5697938
2018,327026,28,1.1872594
2019,327026,28,0.11181701
2020,327026,28,0.48076555
2021,327026,28,1.0850616
2012,327026,29,None
2013,327026,29,None
2014,327026,29,None
2015,327026,29,None
2016,327026,29,None
2017,327026,29,None
2018,327026,29,0.37929058
2019,327026,29,None
2020,327026,29,1.2035097
2021,327026,29,1.07141
2012,327026,30,1.1874636
2013,327026,30,0.5615635
2014,327026,30,1.0207841
2015,327026,30,0.86250407
2016,327026,30,1.3587534
2017,327026,30,0.61786264
2018,327026,30,2.4674363
2019,327026,30,0.79466736
2020,327026,30,0.7514132
2021,327026,30,1.6053834
2012,327026,31,1.4894848
2013,327026,31,1.0989935
2014,327026,31,1.0323349
2015,327026,31,1.811204
2016,327026,31,6.9663024
2017,327026,31,5.9146743
2018,327026,31,1.7544093
2019,327026,31,4.682297
2020,327026,31,5.505586
2021,327026,31,5.597788
2012,327026,32,0.088799916
2013,327026,32,0.13335332
2014,327026,32,0.76719636
2015,327026,32,0.0
2016,327026,32,0.5585101
2017,327026,32,0.523327
2018,327026,32,0.31866089
2019,327026,32,0.6222193
2020,327026,32,0.88488436
2021,327026,32,3.41687
2012,327026,33,0.43304494
2013,327026,33,0.80021614
2014,327026,33,0.5304834
2015,327026,33,0.28385988
2016,327026,33,0.35092017
2017,327026,33,0.9981606
2018,327026,33,0.775123
2019,327026,33,0.55924153
2020,327026,33,0.54779625
2021,327026,33,0.39921063
2012,327026,34,None
2013,327026,34,2.8457677
2014,327026,34,1.4623085
2015,327026,34,0.57494736
2016,327026,34,0.62548804
2017,327026,34,2.2310314
2018,327026,34,1.5174123
2019,327026,34,2.0650709
2020,327026,34,None
2021,327026,34,2.4615552
2012,327026,35,None
2013,327026,35,None
2014,327026,35,None
2015,327026,35,None
2016,327026,35,None
2017,327026,35,None
2018,327026,35,None
2019,327026,35,None
2020,327026,35,None
2021,327026,35,None
2012,327026,36,0.79160875
2013,327026,36,None
2014,327026,36,None
2015,327026,36,None
2016,327026,36,0.47709116
2017,327026,36,0.199219
2018,327026,36,None
2019,327026,36,None
2020,327026,36,None
2021,327026,36,0.0
2012,708405,10,None
2013,708405,10,None
2014,708405,10,None
2015,708405,10,None
2016,708405,10,None
2017,708405,10,None
2018,708405,10,0.052877676
2019,708405,10,None
2020,708405,10,0.6251138
2021,708405,10,1.4880747
2012,708405,11,1.286491
2013,708405,11,0.75318253
2014,708405,11,0.74571
2015,708405,11,0.9394372
2016,708405,11,1.8709817
2017,708405,11,1.3206798
2018,708405,11,1.058564
2019,708405,11,1.6210557
2020,708405,11,2.0231788
2021,708405,11,1.017548
2012,708405,12,None
2013,708405,12,None
2014,708405,12,0.718552
2015,708405,12,1.7347691
2016,708405,12,2.3912969
2017,708405,12,0.5170005
2018,708405,12,0.7947377
2019,708405,12,0.47235718
2020,708405,12,1.2264524
2021,708405,12,1.4897373
2012,708405,13,0.6027073
2013,708405,13,0.395197
2014,708405,13,0.39104432
2015,708405,13,0.6734589
2016,708405,13,1.0077722
2017,708405,13,1.8954713
2018,708405,13,1.1331973
2019,708405,13,1.0591792
2020,708405,13,1.1506156
2021,708405,13,1.3429741
2012,708405,14,0.7358959
2013,708405,14,0.98579055
2014,708405,14,0.5220859
2015,708405,14,0.9102347
2016,708405,14,0.79357815
2017,708405,14,0.66847366
2018,708405,14,0.7995607
2019,708405,14,0.6151831
2020,708405,14,0.5029797
2021,708405,14,1.0842665
2012,708405,15,None
2013,708405,15,0.39056307
2014,708405,15,0.2729895
2015,708405,15,0.77177364
2016,708405,15,0.27563345
2017,708405,15,1.2010316
2018,708405,15,0.6372226
2019,708405,15,0.867774
2020,708405,15,0.71783316
2021,708405,15,0.40383044
2012,708405,16,0.8011537
2013,708405,16,0.70941484
2014,708405,16,0.5004248
2015,708405,16,1.2469828
2016,708405,16,1.409958
2017,708405,16,1.4918522
2018,708405,16,0.9281043
2019,708405,16,1.374186
2020,708405,16,0.7074775
2021,708405,16,1.1593453
2012,708405,17,0.74884343
2013,708405,17,1.2878188
2014,708405,17,1.6150435
2015,708405,17,0.8243772
2016,708405,17,0.96741205
2017,708405,17,1.0511239
2018,708405,17,0.4742329
2019,708405,17,0.6521836
2020,708405,17,0.84908
2021,708405,17,0.744803
2012,708405,18,1.433405
2013,708405,18,1.021476
2014,708405,18,1.0338478
2015,708405,18,1.0617521
2016,708405,18,0.5429841
2017,708405,18,0.9127453
2018,708405,18,0.55057126
2019,708405,18,0.57851946
2020,708405,18,0.41241392
2021,708405,18,0.39007932
2012,708405,19,0.104232624
2013,708405,19,0.0
2014,708405,19,0.0
2015,708405,19,0.0
2016,708405,19,0.4150108
2017,708405,19,0.20070973
2018,708405,19,1.5735468
2019,708405,19,1.2513614
2020,708405,19,0.29398143
2021,708405,19,0.13335438
2012,708405,20,0.41143972
2013,708405,20,0.30577114
2014,708405,20,0.4128731
2015,708405,20,0.70470464
2016,708405,20,0.8841292
2017,708405,20,0.8589658
2018,708405,20,0.8996899
2019,708405,20,0.6790773
2020,708405,20,1.299953
2021,708405,20,1.556008
2012,708405,21,0.28707206
2013,708405,21,0.12818012
2014,708405,21,0.5703268
2015,708405,21,None
2016,708405,21,0.86920273
2017,708405,21,1.7061809
2018,708405,21,0.9986871
2019,708405,21,1.0078441
2020,708405,21,1.1493366
2021,708405,21,1.0938607
2012,708405,22,1.0448974
2013,708405,22,1.1738006
2014,708405,22,1.1264744
2015,708405,22,1.0560522
2016,708405,22,0.55414623
2017,708405,22,1.0330677
2018,708405,22,0.66080904
2019,708405,22,0.9009617
2020,708405,22,0.6278217
2021,708405,22,1.0442083
2012,708405,23,0.12388493
2013,708405,23,0.6666505
2014,708405,23,1.1811491
2015,708405,23,0.6687606
2016,708405,23,0.9765246
2017,708405,23,1.1449509
2018,708405,23,1.0461158
2019,708405,23,1.0180292
2020,708405,23,0.91144705
2021,708405,23,0.8329147
2012,708405,24,None
2013,708405,24,None
2014,708405,24,None
2015,708405,24,1.5710132
2016,708405,24,0.8475487
2017,708405,24,1.8207899
2018,708405,24,None
2019,708405,24,1.6624079
2020,708405,24,1.7716162
2021,708405,24,1.1906433
2012,708405,25,2.962686
2013,708405,25,0.624551
2014,708405,25,0.8095489
2015,708405,25,0.49283335
2016,708405,25,0.5252208
2017,708405,25,1.2420169
2018,708405,25,1.139431
2019,708405,25,0.490394
2020,708405,25,0.5452328
2021,708405,25,0.759887
2012,708405,26,0.6510191
2013,708405,26,1.0622051
2014,708405,26,0.5983224
2015,708405,26,0.90297127
2016,708405,26,0.8294865
2017,708405,26,0.9976234
2018,708405,26,1.8558359
2019,708405,26,0.86854166
2020,708405,26,0.56841034
2021,708405,26,0.77935255
2012,708405,27,None
2013,708405,27,2.30816
2014,708405,27,None
2015,708405,27,0.64651656
2016,708405,27,0.51852834
2017,708405,27,1.9454368
2018,708405,27,1.0270766
2019,708405,27,None
2020,708405,27,1.1015267
2021,708405,27,0.83592683
2012,708405,28,None
2013,708405,28,None
2014,708405,28,None
2015,708405,28,None
2016,708405,28,None
2017,708405,28,None
2018,708405,28,0.47689596
2019,708405,28,0.7731627
2020,708405,28,1.6850953
2021,708405,28,None
2012,708405,29,None
2013,708405,29,None
2014,708405,29,1.7388171
2015,708405,29,None
2016,708405,29,None
2017,708405,29,1.2022328
2018,708405,29,0.5821347
2019,708405,29,1.713502
2020,708405,29,0.6278293
2021,708405,29,1.2111754
2012,708405,30,None
2013,708405,30,None
2014,708405,30,0.517402
2015,708405,30,0.90304697
2016,708405,30,None
2017,708405,30,7.319861
2018,708405,30,2.3853455
2019,708405,30,1.00598
2020,708405,30,0.1025613
2021,708405,30,2.61299
2012,708405,31,0.0
2013,708405,31,0.0
2014,708405,31,None
2015,708405,31,None
2016,708405,31,0.092748255
2017,708405,31,1.5922661
2018,708405,31,1.7774955
2019,708405,31,2.0345678
2020,708405,31,0.42382962
2021,708405,31,0.6671149
2012,708405,32,None
2013,708405,32,2.7240834
2014,708405,32,None
2015,708405,32,None
2016,708405,32,1.0551311
2017,708405,32,0.91577065
2018,708405,32,0.57235044
2019,708405,32,0.73183954
2020,708405,32,0.8981793
2021,708405,32,1.2753546
2012,708405,33,0.514469
2013,708405,33,1.103299
2014,708405,33,0.8029785
2015,708405,33,0.7714618
2016,708405,33,0.9121495
2017,708405,33,1.0531839
2018,708405,33,1.8740295
2019,708405,33,1.0730902
2020,708405,33,1.1504438
2021,708405,33,1.069666
2012,708405,34,None
2013,708405,34,None
2014,708405,34,None
2015,708405,34,None
2016,708405,34,None
2017,708405,34,None
2018,708405,34,None
2019,708405,34,0.8158378
2020,708405,34,0.2083731
2021,708405,34,0.4463967
2012,708405,35,1.1621572
2013,708405,35,None
2014,708405,35,None
2015,708405,35,None
2016,708405,35,None
2017,708405,35,None
2018,708405,35,None
2019,708405,35,None
2020,708405,35,None
2021,708405,35,None
2012,708405,36,None
2013,708405,36,None
2014,708405,36,None
2015,708405,36,None
2016,708405,36,None
2017,708405,36,None
2018,708405,36,None
2019,708405,36,1.5642712
2020,708405,36,1.0266987
2021,708405,36,0.90171087
2012,327002,10,2.5636039
2013,327002,10,0.3656524
2014,327002,10,1.4767581
2015,327002,10,1.2234416
2016,327002,10,1.1412338
2017,327002,10,1.1231819
2018,327002,10,0.49391076
2019,327002,10,0.6253027
2020,327002,10,0.8460548
2021,327002,10,0.84463
2012,327002,11,0.9202625
2013,327002,11,1.1040984
2014,327002,11,1.4911625
2015,327002,11,0.5586206
2016,327002,11,0.87057394
2017,327002,11,0.8844378
2018,327002,11,1.3176488
2019,327002,11,1.2395452
2020,327002,11,0.89547163
2021,327002,11,1.0658246
2012,327002,12,0.6632026
2013,327002,12,0.5582126
2014,327002,12,2.3353071
2015,327002,12,1.8033745
2016,327002,12,2.8441906
2017,327002,12,1.4373299
2018,327002,12,1.2920074
2019,327002,12,1.2562623
2020,327002,12,1.1977614
2021,327002,12,1.7184913
2012,327002,13,0.5468598
2013,327002,13,0.6455678
2014,327002,13,0.88315505
2015,327002,13,0.6182057
2016,327002,13,0.9941583
2017,327002,13,1.1535846
2018,327002,13,0.8076909
2019,327002,13,0.8933739
2020,327002,13,0.855797
2021,327002,13,0.96610177
2012,327002,14,0.9654002
2013,327002,14,1.4016582
2014,327002,14,1.5534253
2015,327002,14,1.3186604
2016,327002,14,1.7792556
2017,327002,14,1.4824128
2018,327002,14,0.59229386
2019,327002,14,1.2429347
2020,327002,14,0.6063539
2021,327002,14,1.1470284
2012,327002,15,0.66206527
2013,327002,15,0.85457957
2014,327002,15,0.9257223
2015,327002,15,0.80484587
2016,327002,15,0.83670485
2017,327002,15,0.851468
2018,327002,15,0.740318
2019,327002,15,0.8448664
2020,327002,15,1.0977715
2021,327002,15,1.0625628
2012,327002,16,0.8171081
2013,327002,16,0.97358763
2014,327002,16,0.93010545
2015,327002,16,0.75876683
2016,327002,16,0.85976833
2017,327002,16,0.78482646
2018,327002,16,0.8301917
2019,327002,16,0.7937203
2020,327002,16,0.9975555
2021,327002,16,1.0221008
2012,327002,17,1.2997084
2013,327002,17,1.0573943
2014,327002,17,1.2307456
2015,327002,17,0.9944431
2016,327002,17,0.8806653
2017,327002,17,0.7630238
2018,327002,17,0.7896339
2019,327002,17,0.84232825
2020,327002,17,0.7448987
2021,327002,17,0.92278486
2012,327002,18,0.97241765
2013,327002,18,1.9591786
2014,327002,18,1.9972144
2015,327002,18,1.5096484
2016,327002,18,1.4245683
2017,327002,18,1.064046
2018,327002,18,0.32384464
2019,327002,18,0.87345487
2020,327002,18,0.741527
2021,327002,18,1.3540766
2012,327002,19,0.48667914
2013,327002,19,0.60604435
2014,327002,19,0.68575656
2015,327002,19,0.56087995
2016,327002,19,0.71827793
2017,327002,19,0.7302483
2018,327002,19,0.6889055
2019,327002,19,0.7797522
2020,327002,19,0.7544997
2021,327002,19,0.86157763
2012,327002,20,0.9879704
2013,327002,20,1.1558368
2014,327002,20,1.3789072
2015,327002,20,0.7034863
2016,327002,20,1.1832066
2017,327002,20,1.3105874
2018,327002,20,0.25840846
2019,327002,20,0.8423302
2020,327002,20,0.71654963
2021,327002,20,0.85201937
2012,327002,21,0.8408147
2013,327002,21,1.1538185
2014,327002,21,0.9455567
2015,327002,21,0.965944
2016,327002,21,1.0729692
2017,327002,21,0.9248003
2018,327002,21,0.9961955
2019,327002,21,0.854712
2020,327002,21,1.1349663
2021,327002,21,0.94728553
2012,327002,22,1.4830548
2013,327002,22,1.2658646
2014,327002,22,1.1771898
2015,327002,22,1.1590049
2016,327002,22,1.1418775
2017,327002,22,0.9800975
2018,327002,22,0.9769669
2019,327002,22,0.95562696
2020,327002,22,0.8378343
2021,327002,22,1.052268
2012,327002,23,0.6595134
2013,327002,23,0.5867016
2014,327002,23,0.90997005
2015,327002,23,0.8242296
2016,327002,23,0.881143
2017,327002,23,0.98576194
2018,327002,23,0.9172804
2019,327002,23,1.0250889
2020,327002,23,1.1095763
2021,327002,23,0.9740869
2012,327002,24,None
2013,327002,24,0.42699963
2014,327002,24,1.21185
2015,327002,24,0.89218605
2016,327002,24,1.0503242
2017,327002,24,0.5050403
2018,327002,24,0.4167129
2019,327002,24,0.82429737
2020,327002,24,0.9917908
2021,327002,24,0.773388
2012,327002,25,0.87597203
2013,327002,25,0.9371157
2014,327002,25,0.8857934
2015,327002,25,0.6606285
2016,327002,25,0.69995034
2017,327002,25,0.70310575
2018,327002,25,0.7521526
2019,327002,25,0.8094243
2020,327002,25,0.7585126
2021,327002,25,0.71694696
2012,327002,26,1.0664583
2013,327002,26,1.0190032
2014,327002,26,1.2725002
2015,327002,26,1.1141295
2016,327002,26,0.9533501
2017,327002,26,0.8925567
2018,327002,26,1.0382985
2019,327002,26,1.2806468
2020,327002,26,1.0419097
2021,327002,26,0.8408225
2012,327002,27,0.7651253
2013,327002,27,0.75900257
2014,327002,27,0.99733335
2015,327002,27,0.6646888
2016,327002,27,0.73240155
2017,327002,27,0.94230556
2018,327002,27,1.5602345
2019,327002,27,1.3642762
2020,327002,27,1.3941967
2021,327002,27,1.4600662
2012,327002,28,0.64850837
2013,327002,28,1.2792436
2014,327002,28,1.6020113
2015,327002,28,1.0026994
2016,327002,28,1.6248587
2017,327002,28,1.1735988
2018,327002,28,0.94020915
2019,327002,28,1.539718
2020,327002,28,0.62454957
2021,327002,28,1.1956306
2012,327002,29,1.2106531
2013,327002,29,1.3442951
2014,327002,29,19.375391
2015,327002,29,None
2016,327002,29,None
2017,327002,29,None
2018,327002,29,None
2019,327002,29,2.011482
2020,327002,29,None
2021,327002,29,3.5593195
2012,327002,30,1.3192667
2013,327002,30,0.7700316
2014,327002,30,0.8455494
2015,327002,30,1.5181985
2016,327002,30,1.0337458
2017,327002,30,1.266522
2018,327002,30,0.78996444
2019,327002,30,1.0690219
2020,327002,30,0.92270124
2021,327002,30,0.50237405
2012,327002,31,2.2798526
2013,327002,31,2.064666
2014,327002,31,1.79177
2015,327002,31,1.9683194
2016,327002,31,1.6679764
2017,327002,31,1.5687773
2018,327002,31,1.6803648
2019,327002,31,1.4052608
2020,327002,31,1.4794946
2021,327002,31,1.3195565
2012,327002,32,0.0
2013,327002,32,2.9517195
2014,327002,32,None
2015,327002,32,2.7415717
2016,327002,32,0.58247006
2017,327002,32,0.76252526
2018,327002,32,0.69905674
2019,327002,32,2.159833
2020,327002,32,3.899933
2021,327002,32,5.4197593
2012,327002,33,0.97740185
2013,327002,33,0.80234283
2014,327002,33,1.1305598
2015,327002,33,1.808921
2016,327002,33,1.0873338
2017,327002,33,1.2903371
2018,327002,33,0.75795823
2019,327002,33,0.7567661
2020,327002,33,0.92837685
2021,327002,33,1.2597831
2012,327002,34,0.0
2013,327002,34,0.3084069
2014,327002,34,None
2015,327002,34,0.0
2016,327002,34,None
2017,327002,34,0.0
2018,327002,34,0.0
2019,327002,34,None
2020,327002,34,0.0
2021,327002,34,0.617657
2012,327002,35,6.3347764
2013,327002,35,None
2014,327002,35,None
2015,327002,35,None
2016,327002,35,None
2017,327002,35,1.2103282
2018,327002,35,0.38713655
2019,327002,35,None
2020,327002,35,3.0124798
2021,327002,35,1.0307326
2012,327002,36,1.6752583
2013,327002,36,0.87518394
2014,327002,36,0.37813246
2015,327002,36,0.763046
2016,327002,36,0.20559333
2017,327002,36,0.78444785
2018,327002,36,0.7107436
2019,327002,36,0.8901635
2020,327002,36,1.4761349
2021,327002,36,1.8434527
