2012,327005,10,None
2013,327005,10,None
2014,327005,10,0
2015,327005,10,0
2016,327005,10,0
2017,327005,10,0
2018,327005,10,0
2019,327005,10,0
2020,327005,10,0
2021,327005,10,0
2012,327005,11,0
2013,327005,11,0
2014,327005,11,0
2015,327005,11,0
2016,327005,11,0
2017,327005,11,0
2018,327005,11,0
2019,327005,11,0
2020,327005,11,0
2021,327005,11,0
2012,327005,12,0
2013,327005,12,0
2014,327005,12,0
2015,327005,12,0
2016,327005,12,0
2017,327005,12,0
2018,327005,12,0
2019,327005,12,0
2020,327005,12,0
2021,327005,12,0
2012,327005,13,0
2013,327005,13,0
2014,327005,13,0
2015,327005,13,0
2016,327005,13,0
2017,327005,13,0
2018,327005,13,0
2019,327005,13,0
2020,327005,13,0
2021,327005,13,0
2012,327005,14,0
2013,327005,14,0
2014,327005,14,0
2015,327005,14,0
2016,327005,14,0
2017,327005,14,0
2018,327005,14,0
2019,327005,14,0
2020,327005,14,0
2021,327005,14,0
2012,327005,15,0
2013,327005,15,0
2014,327005,15,0
2015,327005,15,0
2016,327005,15,0
2017,327005,15,0
2018,327005,15,0
2019,327005,15,0
2020,327005,15,0
2021,327005,15,0
2012,327005,16,0
2013,327005,16,0
2014,327005,16,0
2015,327005,16,0
2016,327005,16,0
2017,327005,16,0
2018,327005,16,0
2019,327005,16,0
2020,327005,16,1
2021,327005,16,0
2012,327005,17,0
2013,327005,17,0
2014,327005,17,0
2015,327005,17,0
2016,327005,17,0
2017,327005,17,0
2018,327005,17,0
2019,327005,17,0
2020,327005,17,1
2021,327005,17,0
2012,327005,18,0
2013,327005,18,0
2014,327005,18,0
2015,327005,18,0
2016,327005,18,0
2017,327005,18,0
2018,327005,18,0
2019,327005,18,0
2020,327005,18,0
2021,327005,18,0
2012,327005,19,0
2013,327005,19,0
2014,327005,19,0
2015,327005,19,0
2016,327005,19,0
2017,327005,19,0
2018,327005,19,0
2019,327005,19,0
2020,327005,19,0
2021,327005,19,0
2012,327005,20,0
2013,327005,20,0
2014,327005,20,0
2015,327005,20,0
2016,327005,20,0
2017,327005,20,0
2018,327005,20,0
2019,327005,20,0
2020,327005,20,0
2021,327005,20,0
2012,327005,21,0
2013,327005,21,0
2014,327005,21,0
2015,327005,21,0
2016,327005,21,0
2017,327005,21,0
2018,327005,21,0
2019,327005,21,0
2020,327005,21,0
2021,327005,21,0
2012,327005,22,0
2013,327005,22,0
2014,327005,22,0
2015,327005,22,0
2016,327005,22,0
2017,327005,22,0
2018,327005,22,2
2019,327005,22,1
2020,327005,22,1
2021,327005,22,0
2012,327005,23,0
2013,327005,23,0
2014,327005,23,0
2015,327005,23,0
2016,327005,23,0
2017,327005,23,0
2018,327005,23,0
2019,327005,23,0
2020,327005,23,0
2021,327005,23,1
2012,327005,24,None
2013,327005,24,0
2014,327005,24,0
2015,327005,24,0
2016,327005,24,0
2017,327005,24,None
2018,327005,24,0
2019,327005,24,0
2020,327005,24,0
2021,327005,24,0
2012,327005,25,0
2013,327005,25,0
2014,327005,25,0
2015,327005,25,0
2016,327005,25,0
2017,327005,25,0
2018,327005,25,0
2019,327005,25,1
2020,327005,25,2
2021,327005,25,0
2012,327005,26,1
2013,327005,26,0
2014,327005,26,0
2015,327005,26,0
2016,327005,26,0
2017,327005,26,0
2018,327005,26,1
2019,327005,26,1
2020,327005,26,1
2021,327005,26,1
2012,327005,27,0
2013,327005,27,0
2014,327005,27,0
2015,327005,27,0
2016,327005,27,0
2017,327005,27,0
2018,327005,27,0
2019,327005,27,0
2020,327005,27,0
2021,327005,27,1
2012,327005,28,0
2013,327005,28,0
2014,327005,28,0
2015,327005,28,0
2016,327005,28,0
2017,327005,28,0
2018,327005,28,None
2019,327005,28,0
2020,327005,28,0
2021,327005,28,None
2012,327005,29,None
2013,327005,29,None
2014,327005,29,None
2015,327005,29,None
2016,327005,29,0
2017,327005,29,None
2018,327005,29,0
2019,327005,29,None
2020,327005,29,0
2021,327005,29,0
2012,327005,30,None
2013,327005,30,0
2014,327005,30,None
2015,327005,30,0
2016,327005,30,1
2017,327005,30,0
2018,327005,30,0
2019,327005,30,0
2020,327005,30,0
2021,327005,30,0
2012,327005,31,0
2013,327005,31,0
2014,327005,31,0
2015,327005,31,0
2016,327005,31,0
2017,327005,31,0
2018,327005,31,0
2019,327005,31,1
2020,327005,31,2
2021,327005,31,0
2012,327005,32,None
2013,327005,32,None
2014,327005,32,None
2015,327005,32,0
2016,327005,32,None
2017,327005,32,None
2018,327005,32,0
2019,327005,32,0
2020,327005,32,0
2021,327005,32,0
2012,327005,33,0
2013,327005,33,0
2014,327005,33,0
2015,327005,33,0
2016,327005,33,0
2017,327005,33,0
2018,327005,33,0
2019,327005,33,0
2020,327005,33,0
2021,327005,33,0
2012,327005,34,None
2013,327005,34,None
2014,327005,34,None
2015,327005,34,None
2016,327005,34,None
2017,327005,34,None
2018,327005,34,None
2019,327005,34,None
2020,327005,34,0
2021,327005,34,0
2012,327005,35,0
2013,327005,35,0
2014,327005,35,None
2015,327005,35,None
2016,327005,35,None
2017,327005,35,0
2018,327005,35,0
2019,327005,35,None
2020,327005,35,None
2021,327005,35,0
2012,327005,36,0
2013,327005,36,0
2014,327005,36,0
2015,327005,36,0
2016,327005,36,0
2017,327005,36,0
2018,327005,36,None
2019,327005,36,0
2020,327005,36,0
2021,327005,36,None
2012,327038,10,0
2013,327038,10,0
2014,327038,10,0
2015,327038,10,0
2016,327038,10,0
2017,327038,10,1
2018,327038,10,0
2019,327038,10,2
2020,327038,10,1
2021,327038,10,0
2012,327038,11,0
2013,327038,11,0
2014,327038,11,0
2015,327038,11,0
2016,327038,11,0
2017,327038,11,0
2018,327038,11,0
2019,327038,11,0
2020,327038,11,0
2021,327038,11,0
2012,327038,12,0
2013,327038,12,0
2014,327038,12,0
2015,327038,12,0
2016,327038,12,0
2017,327038,12,0
2018,327038,12,0
2019,327038,12,0
2020,327038,12,0
2021,327038,12,0
2012,327038,13,1
2013,327038,13,2
2014,327038,13,2
2015,327038,13,2
2016,327038,13,1
2017,327038,13,2
2018,327038,13,1
2019,327038,13,1
2020,327038,13,1
2021,327038,13,0
2012,327038,14,0
2013,327038,14,0
2014,327038,14,0
2015,327038,14,0
2016,327038,14,1
2017,327038,14,1
2018,327038,14,0
2019,327038,14,1
2020,327038,14,0
2021,327038,14,0
2012,327038,15,2
2013,327038,15,5
2014,327038,15,3
2015,327038,15,1
2016,327038,15,1
2017,327038,15,1
2018,327038,15,1
2019,327038,15,0
2020,327038,15,1
2021,327038,15,1
2012,327038,16,4
2013,327038,16,7
2014,327038,16,6
2015,327038,16,5
2016,327038,16,0
2017,327038,16,1
2018,327038,16,2
2019,327038,16,2
2020,327038,16,1
2021,327038,16,1
2012,327038,17,0
2013,327038,17,2
2014,327038,17,2
2015,327038,17,2
2016,327038,17,0
2017,327038,17,1
2018,327038,17,1
2019,327038,17,1
2020,327038,17,2
2021,327038,17,0
2012,327038,18,0
2013,327038,18,0
2014,327038,18,0
2015,327038,18,0
2016,327038,18,0
2017,327038,18,0
2018,327038,18,0
2019,327038,18,0
2020,327038,18,0
2021,327038,18,0
2012,327038,19,0
2013,327038,19,0
2014,327038,19,0
2015,327038,19,1
2016,327038,19,0
2017,327038,19,1
2018,327038,19,0
2019,327038,19,0
2020,327038,19,0
2021,327038,19,0
2012,327038,20,0
2013,327038,20,0
2014,327038,20,0
2015,327038,20,0
2016,327038,20,0
2017,327038,20,0
2018,327038,20,0
2019,327038,20,0
2020,327038,20,0
2021,327038,20,0
2012,327038,21,0
2013,327038,21,2
2014,327038,21,0
2015,327038,21,0
2016,327038,21,1
2017,327038,21,2
2018,327038,21,1
2019,327038,21,2
2020,327038,21,1
2021,327038,21,2
2012,327038,22,1
2013,327038,22,4
2014,327038,22,5
2015,327038,22,2
2016,327038,22,6
2017,327038,22,4
2018,327038,22,4
2019,327038,22,5
2020,327038,22,3
2021,327038,22,3
2012,327038,23,0
2013,327038,23,0
2014,327038,23,1
2015,327038,23,0
2016,327038,23,1
2017,327038,23,3
2018,327038,23,0
2019,327038,23,1
2020,327038,23,2
2021,327038,23,1
2012,327038,24,0
2013,327038,24,0
2014,327038,24,0
2015,327038,24,0
2016,327038,24,0
2017,327038,24,1
2018,327038,24,0
2019,327038,24,0
2020,327038,24,0
2021,327038,24,0
2012,327038,25,2
2013,327038,25,3
2014,327038,25,4
2015,327038,25,3
2016,327038,25,3
2017,327038,25,1
2018,327038,25,2
2019,327038,25,7
2020,327038,25,3
2021,327038,25,0
2012,327038,26,1
2013,327038,26,0
2014,327038,26,2
2015,327038,26,0
2016,327038,26,1
2017,327038,26,1
2018,327038,26,2
2019,327038,26,1
2020,327038,26,0
2021,327038,26,1
2012,327038,27,0
2013,327038,27,0
2014,327038,27,2
2015,327038,27,0
2016,327038,27,0
2017,327038,27,2
2018,327038,27,1
2019,327038,27,0
2020,327038,27,0
2021,327038,27,2
2012,327038,28,0
2013,327038,28,0
2014,327038,28,0
2015,327038,28,0
2016,327038,28,0
2017,327038,28,0
2018,327038,28,0
2019,327038,28,0
2020,327038,28,0
2021,327038,28,1
2012,327038,29,None
2013,327038,29,0
2014,327038,29,0
2015,327038,29,None
2016,327038,29,None
2017,327038,29,None
2018,327038,29,0
2019,327038,29,0
2020,327038,29,0
2021,327038,29,0
2012,327038,30,0
2013,327038,30,0
2014,327038,30,0
2015,327038,30,0
2016,327038,30,0
2017,327038,30,0
2018,327038,30,1
2019,327038,30,0
2020,327038,30,0
2021,327038,30,0
2012,327038,31,8
2013,327038,31,11
2014,327038,31,17
2015,327038,31,7
2016,327038,31,9
2017,327038,31,10
2018,327038,31,12
2019,327038,31,7
2020,327038,31,4
2021,327038,31,5
2012,327038,32,0
2013,327038,32,None
2014,327038,32,0
2015,327038,32,0
2016,327038,32,None
2017,327038,32,0
2018,327038,32,0
2019,327038,32,0
2020,327038,32,0
2021,327038,32,0
2012,327038,33,0
2013,327038,33,0
2014,327038,33,1
2015,327038,33,0
2016,327038,33,0
2017,327038,33,0
2018,327038,33,0
2019,327038,33,0
2020,327038,33,1
2021,327038,33,1
2012,327038,34,None
2013,327038,34,None
2014,327038,34,None
2015,327038,34,0
2016,327038,34,0
2017,327038,34,None
2018,327038,34,0
2019,327038,34,0
2020,327038,34,0
2021,327038,34,0
2012,327038,35,None
2013,327038,35,None
2014,327038,35,0
2015,327038,35,0
2016,327038,35,None
2017,327038,35,None
2018,327038,35,0
2019,327038,35,0
2020,327038,35,0
2021,327038,35,0
2012,327038,36,0
2013,327038,36,0
2014,327038,36,0
2015,327038,36,0
2016,327038,36,0
2017,327038,36,0
2018,327038,36,0
2019,327038,36,0
2020,327038,36,0
2021,327038,36,0
2012,327006,10,None
2013,327006,10,None
2014,327006,10,0
2015,327006,10,0
2016,327006,10,0
2017,327006,10,0
2018,327006,10,0
2019,327006,10,0
2020,327006,10,0
2021,327006,10,0
2012,327006,11,0
2013,327006,11,0
2014,327006,11,0
2015,327006,11,0
2016,327006,11,0
2017,327006,11,0
2018,327006,11,0
2019,327006,11,0
2020,327006,11,0
2021,327006,11,0
2012,327006,12,0
2013,327006,12,0
2014,327006,12,0
2015,327006,12,0
2016,327006,12,0
2017,327006,12,0
2018,327006,12,0
2019,327006,12,0
2020,327006,12,0
2021,327006,12,0
2012,327006,13,0
2013,327006,13,0
2014,327006,13,0
2015,327006,13,0
2016,327006,13,0
2017,327006,13,0
2018,327006,13,0
2019,327006,13,0
2020,327006,13,0
2021,327006,13,0
2012,327006,14,0
2013,327006,14,0
2014,327006,14,0
2015,327006,14,1
2016,327006,14,0
2017,327006,14,0
2018,327006,14,0
2019,327006,14,1
2020,327006,14,0
2021,327006,14,1
2012,327006,15,0
2013,327006,15,0
2014,327006,15,0
2015,327006,15,0
2016,327006,15,0
2017,327006,15,0
2018,327006,15,0
2019,327006,15,0
2020,327006,15,0
2021,327006,15,0
2012,327006,16,0
2013,327006,16,1
2014,327006,16,0
2015,327006,16,0
2016,327006,16,1
2017,327006,16,0
2018,327006,16,0
2019,327006,16,0
2020,327006,16,1
2021,327006,16,0
2012,327006,17,0
2013,327006,17,1
2014,327006,17,0
2015,327006,17,1
2016,327006,17,1
2017,327006,17,0
2018,327006,17,2
2019,327006,17,3
2020,327006,17,2
2021,327006,17,2
2012,327006,18,0
2013,327006,18,0
2014,327006,18,0
2015,327006,18,0
2016,327006,18,0
2017,327006,18,0
2018,327006,18,0
2019,327006,18,1
2020,327006,18,1
2021,327006,18,0
2012,327006,19,0
2013,327006,19,0
2014,327006,19,0
2015,327006,19,0
2016,327006,19,0
2017,327006,19,0
2018,327006,19,0
2019,327006,19,0
2020,327006,19,0
2021,327006,19,0
2012,327006,20,None
2013,327006,20,0
2014,327006,20,0
2015,327006,20,0
2016,327006,20,0
2017,327006,20,0
2018,327006,20,0
2019,327006,20,0
2020,327006,20,0
2021,327006,20,0
2012,327006,21,0
2013,327006,21,0
2014,327006,21,0
2015,327006,21,1
2016,327006,21,0
2017,327006,21,1
2018,327006,21,0
2019,327006,21,0
2020,327006,21,0
2021,327006,21,1
2012,327006,22,0
2013,327006,22,1
2014,327006,22,1
2015,327006,22,2
2016,327006,22,2
2017,327006,22,6
2018,327006,22,1
2019,327006,22,0
2020,327006,22,1
2021,327006,22,5
2012,327006,23,0
2013,327006,23,0
2014,327006,23,0
2015,327006,23,1
2016,327006,23,0
2017,327006,23,0
2018,327006,23,0
2019,327006,23,0
2020,327006,23,0
2021,327006,23,2
2012,327006,24,None
2013,327006,24,0
2014,327006,24,None
2015,327006,24,0
2016,327006,24,None
2017,327006,24,0
2018,327006,24,0
2019,327006,24,None
2020,327006,24,0
2021,327006,24,0
2012,327006,25,0
2013,327006,25,0
2014,327006,25,1
2015,327006,25,0
2016,327006,25,1
2017,327006,25,6
2018,327006,25,1
2019,327006,25,0
2020,327006,25,1
2021,327006,25,5
2012,327006,26,0
2013,327006,26,0
2014,327006,26,0
2015,327006,26,0
2016,327006,26,1
2017,327006,26,0
2018,327006,26,0
2019,327006,26,0
2020,327006,26,1
2021,327006,26,2
2012,327006,27,0
2013,327006,27,0
2014,327006,27,0
2015,327006,27,0
2016,327006,27,0
2017,327006,27,0
2018,327006,27,1
2019,327006,27,1
2020,327006,27,0
2021,327006,27,0
2012,327006,28,None
2013,327006,28,None
2014,327006,28,0
2015,327006,28,None
2016,327006,28,0
2017,327006,28,None
2018,327006,28,None
2019,327006,28,0
2020,327006,28,0
2021,327006,28,None
2012,327006,29,None
2013,327006,29,None
2014,327006,29,None
2015,327006,29,None
2016,327006,29,None
2017,327006,29,None
2018,327006,29,None
2019,327006,29,0
2020,327006,29,0
2021,327006,29,None
2012,327006,30,0
2013,327006,30,0
2014,327006,30,0
2015,327006,30,0
2016,327006,30,0
2017,327006,30,0
2018,327006,30,0
2019,327006,30,0
2020,327006,30,0
2021,327006,30,0
2012,327006,31,1
2013,327006,31,1
2014,327006,31,5
2015,327006,31,1
2016,327006,31,0
2017,327006,31,0
2018,327006,31,0
2019,327006,31,0
2020,327006,31,0
2021,327006,31,4
2012,327006,32,None
2013,327006,32,None
2014,327006,32,0
2015,327006,32,None
2016,327006,32,None
2017,327006,32,None
2018,327006,32,0
2019,327006,32,0
2020,327006,32,None
2021,327006,32,0
2012,327006,33,0
2013,327006,33,0
2014,327006,33,0
2015,327006,33,0
2016,327006,33,0
2017,327006,33,0
2018,327006,33,0
2019,327006,33,0
2020,327006,33,0
2021,327006,33,0
2012,327006,34,0
2013,327006,34,None
2014,327006,34,None
2015,327006,34,None
2016,327006,34,None
2017,327006,34,None
2018,327006,34,None
2019,327006,34,None
2020,327006,34,0
2021,327006,34,None
2012,327006,35,None
2013,327006,35,None
2014,327006,35,None
2015,327006,35,None
2016,327006,35,None
2017,327006,35,None
2018,327006,35,None
2019,327006,35,None
2020,327006,35,None
2021,327006,35,None
2012,327006,36,None
2013,327006,36,None
2014,327006,36,None
2015,327006,36,None
2016,327006,36,None
2017,327006,36,0
2018,327006,36,None
2019,327006,36,0
2020,327006,36,0
2021,327006,36,0
2012,327026,10,None
2013,327026,10,0
2014,327026,10,0
2015,327026,10,0
2016,327026,10,0
2017,327026,10,2
2018,327026,10,0
2019,327026,10,0
2020,327026,10,0
2021,327026,10,1
2012,327026,11,1
2013,327026,11,0
2014,327026,11,0
2015,327026,11,0
2016,327026,11,0
2017,327026,11,0
2018,327026,11,0
2019,327026,11,0
2020,327026,11,2
2021,327026,11,1
2012,327026,12,0
2013,327026,12,0
2014,327026,12,0
2015,327026,12,0
2016,327026,12,0
2017,327026,12,0
2018,327026,12,0
2019,327026,12,0
2020,327026,12,0
2021,327026,12,0
2012,327026,13,1
2013,327026,13,0
2014,327026,13,0
2015,327026,13,0
2016,327026,13,0
2017,327026,13,0
2018,327026,13,0
2019,327026,13,0
2020,327026,13,1
2021,327026,13,1
2012,327026,14,0
2013,327026,14,0
2014,327026,14,0
2015,327026,14,0
2016,327026,14,0
2017,327026,14,0
2018,327026,14,0
2019,327026,14,0
2020,327026,14,0
2021,327026,14,0
2012,327026,15,0
2013,327026,15,0
2014,327026,15,0
2015,327026,15,0
2016,327026,15,0
2017,327026,15,0
2018,327026,15,0
2019,327026,15,0
2020,327026,15,0
2021,327026,15,0
2012,327026,16,0
2013,327026,16,0
2014,327026,16,0
2015,327026,16,0
2016,327026,16,0
2017,327026,16,0
2018,327026,16,0
2019,327026,16,0
2020,327026,16,0
2021,327026,16,0
2012,327026,17,0
2013,327026,17,0
2014,327026,17,0
2015,327026,17,0
2016,327026,17,0
2017,327026,17,0
2018,327026,17,0
2019,327026,17,0
2020,327026,17,0
2021,327026,17,1
2012,327026,18,None
2013,327026,18,None
2014,327026,18,0
2015,327026,18,0
2016,327026,18,0
2017,327026,18,0
2018,327026,18,0
2019,327026,18,0
2020,327026,18,0
2021,327026,18,0
2012,327026,19,0
2013,327026,19,0
2014,327026,19,0
2015,327026,19,0
2016,327026,19,3
2017,327026,19,6
2018,327026,19,0
2019,327026,19,3
2020,327026,19,3
2021,327026,19,3
2012,327026,20,0
2013,327026,20,0
2014,327026,20,0
2015,327026,20,0
2016,327026,20,0
2017,327026,20,0
2018,327026,20,0
2019,327026,20,0
2020,327026,20,0
2021,327026,20,0
2012,327026,21,0
2013,327026,21,0
2014,327026,21,0
2015,327026,21,0
2016,327026,21,0
2017,327026,21,0
2018,327026,21,0
2019,327026,21,0
2020,327026,21,0
2021,327026,21,0
2012,327026,22,0
2013,327026,22,0
2014,327026,22,0
2015,327026,22,0
2016,327026,22,0
2017,327026,22,0
2018,327026,22,0
2019,327026,22,0
2020,327026,22,1
2021,327026,22,0
2012,327026,23,1
2013,327026,23,0
2014,327026,23,0
2015,327026,23,0
2016,327026,23,0
2017,327026,23,0
2018,327026,23,1
2019,327026,23,0
2020,327026,23,2
2021,327026,23,1
2012,327026,24,None
2013,327026,24,0
2014,327026,24,0
2015,327026,24,0
2016,327026,24,0
2017,327026,24,1
2018,327026,24,0
2019,327026,24,0
2020,327026,24,0
2021,327026,24,0
2012,327026,25,0
2013,327026,25,0
2014,327026,25,0
2015,327026,25,0
2016,327026,25,0
2017,327026,25,0
2018,327026,25,0
2019,327026,25,0
2020,327026,25,1
2021,327026,25,0
2012,327026,26,0
2013,327026,26,0
2014,327026,26,0
2015,327026,26,0
2016,327026,26,0
2017,327026,26,0
2018,327026,26,0
2019,327026,26,0
2020,327026,26,0
2021,327026,26,0
2012,327026,27,0
2013,327026,27,0
2014,327026,27,0
2015,327026,27,0
2016,327026,27,0
2017,327026,27,1
2018,327026,27,0
2019,327026,27,0
2020,327026,27,0
2021,327026,27,0
2012,327026,28,None
2013,327026,28,0
2014,327026,28,0
2015,327026,28,0
2016,327026,28,0
2017,327026,28,0
2018,327026,28,0
2019,327026,28,0
2020,327026,28,0
2021,327026,28,0
2012,327026,29,None
2013,327026,29,None
2014,327026,29,None
2015,327026,29,None
2016,327026,29,None
2017,327026,29,None
2018,327026,29,0
2019,327026,29,None
2020,327026,29,0
2021,327026,29,0
2012,327026,30,1
2013,327026,30,0
2014,327026,30,0
2015,327026,30,0
2016,327026,30,0
2017,327026,30,0
2018,327026,30,1
2019,327026,30,0
2020,327026,30,0
2021,327026,30,0
2012,327026,31,0
2013,327026,31,0
2014,327026,31,1
2015,327026,31,3
2016,327026,31,11
2017,327026,31,7
2018,327026,31,3
2019,327026,31,8
2020,327026,31,8
2021,327026,31,9
2012,327026,32,0
2013,327026,32,0
2014,327026,32,0
2015,327026,32,0
2016,327026,32,0
2017,327026,32,0
2018,327026,32,0
2019,327026,32,0
2020,327026,32,0
2021,327026,32,0
2012,327026,33,0
2013,327026,33,0
2014,327026,33,0
2015,327026,33,0
2016,327026,33,0
2017,327026,33,0
2018,327026,33,0
2019,327026,33,0
2020,327026,33,0
2021,327026,33,0
2012,327026,34,None
2013,327026,34,0
2014,327026,34,0
2015,327026,34,0
2016,327026,34,0
2017,327026,34,0
2018,327026,34,0
2019,327026,34,0
2020,327026,34,None
2021,327026,34,0
2012,327026,35,None
2013,327026,35,None
2014,327026,35,None
2015,327026,35,None
2016,327026,35,None
2017,327026,35,None
2018,327026,35,None
2019,327026,35,None
2020,327026,35,None
2021,327026,35,None
2012,327026,36,0
2013,327026,36,None
2014,327026,36,None
2015,327026,36,None
2016,327026,36,0
2017,327026,36,0
2018,327026,36,None
2019,327026,36,None
2020,327026,36,None
2021,327026,36,0
2012,708405,10,None
2013,708405,10,None
2014,708405,10,None
2015,708405,10,None
2016,708405,10,None
2017,708405,10,None
2018,708405,10,0
2019,708405,10,None
2020,708405,10,0
2021,708405,10,0
2012,708405,11,0
2013,708405,11,0
2014,708405,11,0
2015,708405,11,0
2016,708405,11,1
2017,708405,11,0
2018,708405,11,0
2019,708405,11,0
2020,708405,11,0
2021,708405,11,0
2012,708405,12,None
2013,708405,12,None
2014,708405,12,0
2015,708405,12,0
2016,708405,12,0
2017,708405,12,0
2018,708405,12,0
2019,708405,12,0
2020,708405,12,0
2021,708405,12,0
2012,708405,13,0
2013,708405,13,0
2014,708405,13,0
2015,708405,13,0
2016,708405,13,0
2017,708405,13,0
2018,708405,13,0
2019,708405,13,0
2020,708405,13,0
2021,708405,13,0
2012,708405,14,0
2013,708405,14,0
2014,708405,14,0
2015,708405,14,0
2016,708405,14,0
2017,708405,14,0
2018,708405,14,0
2019,708405,14,0
2020,708405,14,0
2021,708405,14,3
2012,708405,15,None
2013,708405,15,0
2014,708405,15,0
2015,708405,15,0
2016,708405,15,0
2017,708405,15,0
2018,708405,15,0
2019,708405,15,0
2020,708405,15,0
2021,708405,15,0
2012,708405,16,0
2013,708405,16,0
2014,708405,16,0
2015,708405,16,0
2016,708405,16,0
2017,708405,16,0
2018,708405,16,0
2019,708405,16,0
2020,708405,16,0
2021,708405,16,0
2012,708405,17,0
2013,708405,17,1
2014,708405,17,0
2015,708405,17,0
2016,708405,17,0
2017,708405,17,0
2018,708405,17,0
2019,708405,17,0
2020,708405,17,0
2021,708405,17,0
2012,708405,18,0
2013,708405,18,0
2014,708405,18,0
2015,708405,18,0
2016,708405,18,0
2017,708405,18,0
2018,708405,18,0
2019,708405,18,0
2020,708405,18,0
2021,708405,18,0
2012,708405,19,0
2013,708405,19,0
2014,708405,19,0
2015,708405,19,0
2016,708405,19,0
2017,708405,19,0
2018,708405,19,0
2019,708405,19,0
2020,708405,19,0
2021,708405,19,0
2012,708405,20,0
2013,708405,20,0
2014,708405,20,0
2015,708405,20,0
2016,708405,20,0
2017,708405,20,0
2018,708405,20,0
2019,708405,20,0
2020,708405,20,1
2021,708405,20,3
2012,708405,21,0
2013,708405,21,0
2014,708405,21,0
2015,708405,21,None
2016,708405,21,0
2017,708405,21,0
2018,708405,21,0
2019,708405,21,0
2020,708405,21,0
2021,708405,21,0
2012,708405,22,0
2013,708405,22,0
2014,708405,22,0
2015,708405,22,0
2016,708405,22,0
2017,708405,22,0
2018,708405,22,0
2019,708405,22,0
2020,708405,22,0
2021,708405,22,0
2012,708405,23,0
2013,708405,23,0
2014,708405,23,0
2015,708405,23,0
2016,708405,23,0
2017,708405,23,0
2018,708405,23,0
2019,708405,23,0
2020,708405,23,0
2021,708405,23,0
2012,708405,24,None
2013,708405,24,None
2014,708405,24,None
2015,708405,24,0
2016,708405,24,0
2017,708405,24,0
2018,708405,24,None
2019,708405,24,0
2020,708405,24,0
2021,708405,24,0
2012,708405,25,0
2013,708405,25,0
2014,708405,25,0
2015,708405,25,0
2016,708405,25,0
2017,708405,25,0
2018,708405,25,0
2019,708405,25,0
2020,708405,25,0
2021,708405,25,0
2012,708405,26,0
2013,708405,26,0
2014,708405,26,0
2015,708405,26,0
2016,708405,26,0
2017,708405,26,0
2018,708405,26,1
2019,708405,26,0
2020,708405,26,0
2021,708405,26,0
2012,708405,27,None
2013,708405,27,0
2014,708405,27,None
2015,708405,27,0
2016,708405,27,0
2017,708405,27,0
2018,708405,27,0
2019,708405,27,None
2020,708405,27,0
2021,708405,27,0
2012,708405,28,None
2013,708405,28,None
2014,708405,28,None
2015,708405,28,None
2016,708405,28,None
2017,708405,28,None
2018,708405,28,0
2019,708405,28,0
2020,708405,28,0
2021,708405,28,None
2012,708405,29,None
2013,708405,29,None
2014,708405,29,0
2015,708405,29,None
2016,708405,29,None
2017,708405,29,0
2018,708405,29,0
2019,708405,29,0
2020,708405,29,0
2021,708405,29,0
2012,708405,30,None
2013,708405,30,None
2014,708405,30,0
2015,708405,30,0
2016,708405,30,None
2017,708405,30,0
2018,708405,30,0
2019,708405,30,0
2020,708405,30,0
2021,708405,30,0
2012,708405,31,0
2013,708405,31,0
2014,708405,31,None
2015,708405,31,None
2016,708405,31,0
2017,708405,31,0
2018,708405,31,0
2019,708405,31,0
2020,708405,31,0
2021,708405,31,0
2012,708405,32,None
2013,708405,32,0
2014,708405,32,None
2015,708405,32,None
2016,708405,32,0
2017,708405,32,0
2018,708405,32,0
2019,708405,32,0
2020,708405,32,0
2021,708405,32,1
2012,708405,33,0
2013,708405,33,1
2014,708405,33,0
2015,708405,33,0
2016,708405,33,0
2017,708405,33,0
2018,708405,33,1
2019,708405,33,0
2020,708405,33,0
2021,708405,33,2
2012,708405,34,None
2013,708405,34,None
2014,708405,34,None
2015,708405,34,None
2016,708405,34,None
2017,708405,34,None
2018,708405,34,None
2019,708405,34,0
2020,708405,34,0
2021,708405,34,0
2012,708405,35,0
2013,708405,35,None
2014,708405,35,None
2015,708405,35,None
2016,708405,35,None
2017,708405,35,None
2018,708405,35,None
2019,708405,35,None
2020,708405,35,None
2021,708405,35,None
2012,708405,36,None
2013,708405,36,None
2014,708405,36,None
2015,708405,36,None
2016,708405,36,None
2017,708405,36,None
2018,708405,36,None
2019,708405,36,0
2020,708405,36,0
2021,708405,36,0
2012,327002,10,0
2013,327002,10,0
2014,327002,10,0
2015,327002,10,1
2016,327002,10,1
2017,327002,10,1
2018,327002,10,0
2019,327002,10,0
2020,327002,10,1
2021,327002,10,1
2012,327002,11,0
2013,327002,11,1
2014,327002,11,1
2015,327002,11,0
2016,327002,11,0
2017,327002,11,1
2018,327002,11,0
2019,327002,11,2
2020,327002,11,0
2021,327002,11,0
2012,327002,12,0
2013,327002,12,0
2014,327002,12,0
2015,327002,12,0
2016,327002,12,0
2017,327002,12,0
2018,327002,12,0
2019,327002,12,0
2020,327002,12,0
2021,327002,12,0
2012,327002,13,0
2013,327002,13,0
2014,327002,13,1
2015,327002,13,0
2016,327002,13,0
2017,327002,13,2
2018,327002,13,0
2019,327002,13,0
2020,327002,13,0
2021,327002,13,1
2012,327002,14,0
2013,327002,14,1
2014,327002,14,0
2015,327002,14,1
2016,327002,14,0
2017,327002,14,0
2018,327002,14,0
2019,327002,14,1
2020,327002,14,0
2021,327002,14,2
2012,327002,15,0
2013,327002,15,0
2014,327002,15,0
2015,327002,15,0
2016,327002,15,0
2017,327002,15,0
2018,327002,15,0
2019,327002,15,1
2020,327002,15,1
2021,327002,15,1
2012,327002,16,0
2013,327002,16,0
2014,327002,16,2
2015,327002,16,0
2016,327002,16,0
2017,327002,16,2
2018,327002,16,0
2019,327002,16,1
2020,327002,16,1
2021,327002,16,3
2012,327002,17,1
2013,327002,17,0
2014,327002,17,1
2015,327002,17,1
2016,327002,17,0
2017,327002,17,1
2018,327002,17,0
2019,327002,17,2
2020,327002,17,2
2021,327002,17,1
2012,327002,18,0
2013,327002,18,1
2014,327002,18,0
2015,327002,18,0
2016,327002,18,0
2017,327002,18,0
2018,327002,18,0
2019,327002,18,0
2020,327002,18,1
2021,327002,18,0
2012,327002,19,0
2013,327002,19,0
2014,327002,19,0
2015,327002,19,0
2016,327002,19,0
2017,327002,19,0
2018,327002,19,0
2019,327002,19,1
2020,327002,19,0
2021,327002,19,0
2012,327002,20,0
2013,327002,20,0
2014,327002,20,0
2015,327002,20,0
2016,327002,20,0
2017,327002,20,0
2018,327002,20,0
2019,327002,20,0
2020,327002,20,0
2021,327002,20,1
2012,327002,21,1
2013,327002,21,0
2014,327002,21,0
2015,327002,21,1
2016,327002,21,0
2017,327002,21,0
2018,327002,21,3
2019,327002,21,2
2020,327002,21,3
2021,327002,21,2
2012,327002,22,3
2013,327002,22,3
2014,327002,22,4
2015,327002,22,5
2016,327002,22,7
2017,327002,22,4
2018,327002,22,5
2019,327002,22,7
2020,327002,22,4
2021,327002,22,8
2012,327002,23,1
2013,327002,23,1
2014,327002,23,2
2015,327002,23,2
2016,327002,23,1
2017,327002,23,3
2018,327002,23,0
2019,327002,23,4
2020,327002,23,3
2021,327002,23,3
2012,327002,24,None
2013,327002,24,0
2014,327002,24,0
2015,327002,24,0
2016,327002,24,0
2017,327002,24,0
2018,327002,24,0
2019,327002,24,0
2020,327002,24,0
2021,327002,24,0
2012,327002,25,0
2013,327002,25,1
2014,327002,25,1
2015,327002,25,0
2016,327002,25,2
2017,327002,25,2
2018,327002,25,2
2019,327002,25,4
2020,327002,25,2
2021,327002,25,2
2012,327002,26,0
2013,327002,26,0
2014,327002,26,1
2015,327002,26,0
2016,327002,26,1
2017,327002,26,1
2018,327002,26,0
2019,327002,26,6
2020,327002,26,1
2021,327002,26,1
2012,327002,27,0
2013,327002,27,0
2014,327002,27,2
2015,327002,27,0
2016,327002,27,0
2017,327002,27,0
2018,327002,27,0
2019,327002,27,1
2020,327002,27,1
2021,327002,27,0
2012,327002,28,0
2013,327002,28,0
2014,327002,28,0
2015,327002,28,0
2016,327002,28,0
2017,327002,28,0
2018,327002,28,0
2019,327002,28,0
2020,327002,28,0
2021,327002,28,0
2012,327002,29,0
2013,327002,29,0
2014,327002,29,1
2015,327002,29,None
2016,327002,29,None
2017,327002,29,None
2018,327002,29,None
2019,327002,29,0
2020,327002,29,None
2021,327002,29,0
2012,327002,30,0
2013,327002,30,0
2014,327002,30,0
2015,327002,30,0
2016,327002,30,0
2017,327002,30,0
2018,327002,30,0
2019,327002,30,0
2020,327002,30,0
2021,327002,30,0
2012,327002,31,8
2013,327002,31,16
2014,327002,31,22
2015,327002,31,12
2016,327002,31,14
2017,327002,31,17
2018,327002,31,18
2019,327002,31,14
2020,327002,31,10
2021,327002,31,17
2012,327002,32,0
2013,327002,32,0
2014,327002,32,None
2015,327002,32,0
2016,327002,32,0
2017,327002,32,0
2018,327002,32,0
2019,327002,32,0
2020,327002,32,0
2021,327002,32,0
2012,327002,33,0
2013,327002,33,0
2014,327002,33,0
2015,327002,33,1
2016,327002,33,0
2017,327002,33,0
2018,327002,33,0
2019,327002,33,0
2020,327002,33,0
2021,327002,33,0
2012,327002,34,0
2013,327002,34,0
2014,327002,34,None
2015,327002,34,0
2016,327002,34,None
2017,327002,34,0
2018,327002,34,0
2019,327002,34,None
2020,327002,34,0
2021,327002,34,0
2012,327002,35,0
2013,327002,35,None
2014,327002,35,None
2015,327002,35,None
2016,327002,35,None
2017,327002,35,0
2018,327002,35,0
2019,327002,35,None
2020,327002,35,0
2021,327002,35,0
2012,327002,36,0
2013,327002,36,0
2014,327002,36,0
2015,327002,36,0
2016,327002,36,0
2017,327002,36,0
2018,327002,36,0
2019,327002,36,0
2020,327002,36,0
2021,327002,36,0
